0.000	0.0000
0.005	0.0000
0.010	0.0000
0.015	0.0000
0.020	0.0000
0.025	0.0000
0.030	0.0000
0.035	0.0000
0.040	0.0000
0.045	0.0000
0.050	0.0000
0.055	0.0000
0.060	0.0000
0.065	0.0000
0.070	0.0000
0.075	0.0000
0.080	0.0000
0.085	0.0000
0.090	0.0000
0.095	0.0000
0.100	0.0000
0.105	0.0000
0.110	0.0000
0.115	0.0000
0.120	0.0000
0.125	0.0000
0.130	0.0000
0.135	0.0000
0.140	0.0000
0.145	0.0000
0.150	0.0000
0.155	0.0000
0.160	0.0000
0.165	0.0000
0.170	0.0000
0.175	0.0000
0.180	0.0000
0.185	0.0000
0.190	0.0000
0.195	0.0000
0.200	0.0000
0.205	0.0000
0.210	0.0000
0.215	0.0000
0.220	0.0000
0.225	0.0000
0.230	0.0000
0.235	0.0000
0.240	0.0000
0.245	0.0000
0.250	0.0000
0.255	0.0000
0.260	0.0000
0.265	0.0000
0.270	0.0000
0.275	0.0000
0.280	0.0000
0.285	0.0000
0.290	0.0000
0.295	0.0000
0.300	0.0000
0.305	0.0000
0.310	0.0000
0.315	0.0000
0.320	0.0000
0.325	0.0000
0.330	0.0000
0.335	0.0000
0.340	0.0000
0.345	0.0000
0.350	0.0000
0.355	0.0000
0.360	0.0000
0.365	0.0000
0.370	0.0000
0.375	0.0000
0.380	0.0000
0.385	0.0000
0.390	0.0000
0.395	0.0000
0.400	0.0000
0.405	0.0000
0.410	0.0000
0.415	0.0000
0.420	0.0000
0.425	0.0000
0.430	0.0000
0.435	0.0000
0.440	0.0000
0.445	0.0000
0.450	0.0000
0.455	0.0000
0.460	0.0000
0.465	0.0000
0.470	0.0000
0.475	0.0000
0.480	0.0000
0.485	0.0000
0.490	0.0000
0.495	0.0000
0.500	0.0000
0.505	0.0000
0.510	0.0000
0.515	0.0000
0.520	0.0000
0.525	0.0000
0.530	0.0000
0.535	0.0000
0.540	0.0000
0.545	0.0000
0.550	0.0000
0.555	0.0000
0.560	0.0000
0.565	0.0000
0.570	0.0000
0.575	0.0000
0.580	0.0000
0.585	0.0000
0.590	0.0000
0.595	0.0000
0.600	0.0000
0.605	0.0000
0.610	0.0000
0.615	0.0000
0.620	0.0000
0.625	0.0000
0.630	0.0000
0.635	0.0000
0.640	0.0000
0.645	0.0000
0.650	0.0000
0.655	0.0000
0.660	0.0000
0.665	0.0000
0.670	0.0000
0.675	0.0000
0.680	0.0000
0.685	0.0000
0.690	0.0000
0.695	0.0000
0.700	0.0000
0.705	0.0000
0.710	0.0000
0.715	0.0000
0.720	0.0000
0.725	0.0000
0.730	0.0000
0.735	0.0000
0.740	0.0000
0.745	0.0000
0.750	0.0000
0.755	0.0000
0.760	0.0000
0.765	0.0000
0.770	0.0000
0.775	0.0000
0.780	0.0000
0.785	0.0000
0.790	0.0000
0.795	0.0000
0.800	0.0000
0.805	0.0000
0.810	0.0000
0.815	0.0000
0.820	0.0000
0.825	0.0000
0.830	0.0000
0.835	0.0000
0.840	0.0000
0.845	0.0000
0.850	0.0000
0.855	0.0000
0.860	0.0000
0.865	0.0000
0.870	0.0000
0.875	0.0000
0.880	0.0000
0.885	0.0000
0.890	0.0000
0.895	0.0000
0.900	0.0000
0.905	0.0000
0.910	0.0000
0.915	0.0000
0.920	0.0000
0.925	0.0000
0.930	0.0000
0.935	0.0000
0.940	0.0000
0.945	0.0000
0.950	0.0000
0.955	0.0000
0.960	0.0000
0.965	0.0000
0.970	0.0000
0.975	0.0000
0.980	0.0000
0.985	0.0000
0.990	0.0000
0.995	0.0000
1.000	0.0000
1.005	0.0000
1.010	0.0001
1.015	0.0001
1.020	0.0002
1.025	0.0004
1.030	0.0005
1.035	0.0007
1.040	0.0010
1.045	0.0012
1.050	0.0015
1.055	0.0018
1.060	0.0022
1.065	0.0026
1.070	0.0030
1.075	0.0034
1.080	0.0039
1.085	0.0044
1.090	0.0049
1.095	0.0054
1.100	0.0060
1.105	0.0066
1.110	0.0073
1.115	0.0079
1.120	0.0086
1.125	0.0094
1.130	0.0101
1.135	0.0109
1.140	0.0117
1.145	0.0125
1.150	0.0134
1.155	0.0143
1.160	0.0152
1.165	0.0161
1.170	0.0171
1.175	0.0181
1.180	0.0191
1.185	0.0201
1.190	0.0212
1.195	0.0223
1.200	0.0234
1.205	0.0245
1.210	0.0257
1.215	0.0269
1.220	0.0281
1.225	0.0293
1.230	0.0305
1.235	0.0318
1.240	0.0331
1.245	0.0344
1.250	0.0357
1.255	0.0371
1.260	0.0384
1.265	0.0398
1.270	0.0412
1.275	0.0426
1.280	0.0441
1.285	0.0455
1.290	0.0470
1.295	0.0485
1.300	0.0500
1.305	0.0515
1.310	0.0531
1.315	0.0546
1.320	0.0562
1.325	0.0577
1.330	0.0593
1.335	0.0609
1.340	0.0625
1.345	0.0642
1.350	0.0658
1.355	0.0674
1.360	0.0691
1.365	0.0708
1.370	0.0724
1.375	0.0741
1.380	0.0758
1.385	0.0775
1.390	0.0792
1.395	0.0809
1.400	0.0826
1.405	0.0844
1.410	0.0861
1.415	0.0878
1.420	0.0895
1.425	0.0913
1.430	0.0930
1.435	0.0948
1.440	0.0965
1.445	0.0983
1.450	0.1000
1.455	0.1017
1.460	0.1035
1.465	0.1052
1.470	0.1070
1.475	0.1087
1.480	0.1105
1.485	0.1122
1.490	0.1139
1.495	0.1156
1.500	0.1174
1.505	0.1191
1.510	0.1208
1.515	0.1225
1.520	0.1242
1.525	0.1259
1.530	0.1276
1.535	0.1292
1.540	0.1309
1.545	0.1326
1.550	0.1342
1.555	0.1358
1.560	0.1375
1.565	0.1391
1.570	0.1407
1.575	0.1423
1.580	0.1438
1.585	0.1454
1.590	0.1469
1.595	0.1485
1.600	0.1500
1.605	0.1515
1.610	0.1530
1.615	0.1545
1.620	0.1559
1.625	0.1574
1.630	0.1588
1.635	0.1602
1.640	0.1616
1.645	0.1629
1.650	0.1643
1.655	0.1656
1.660	0.1669
1.665	0.1682
1.670	0.1695
1.675	0.1707
1.680	0.1719
1.685	0.1731
1.690	0.1743
1.695	0.1755
1.700	0.1766
1.705	0.1777
1.710	0.1788
1.715	0.1799
1.720	0.1809
1.725	0.1819
1.730	0.1829
1.735	0.1839
1.740	0.1848
1.745	0.1857
1.750	0.1866
1.755	0.1875
1.760	0.1883
1.765	0.1891
1.770	0.1899
1.775	0.1906
1.780	0.1914
1.785	0.1921
1.790	0.1927
1.795	0.1934
1.800	0.1940
1.805	0.1946
1.810	0.1951
1.815	0.1956
1.820	0.1961
1.825	0.1966
1.830	0.1970
1.835	0.1974
1.840	0.1978
1.845	0.1982
1.850	0.1985
1.855	0.1988
1.860	0.1990
1.865	0.1993
1.870	0.1995
1.875	0.1996
1.880	0.1998
1.885	0.1999
1.890	0.1999
1.895	0.2000
1.900	0.2000
1.905	0.2000
1.910	0.1999
1.915	0.1997
1.920	0.1995
1.925	0.1992
1.930	0.1989
1.935	0.1985
1.940	0.1981
1.945	0.1975
1.950	0.1970
1.955	0.1963
1.960	0.1956
1.965	0.1949
1.970	0.1941
1.975	0.1932
1.980	0.1923
1.985	0.1913
1.990	0.1902
1.995	0.1891
2.000	0.1879
2.005	0.1867
2.010	0.1854
2.015	0.1841
2.020	0.1827
2.025	0.1813
2.030	0.1798
2.035	0.1782
2.040	0.1766
2.045	0.1749
2.050	0.1732
2.055	0.1714
2.060	0.1696
2.065	0.1677
2.070	0.1658
2.075	0.1638
2.080	0.1618
2.085	0.1597
2.090	0.1576
2.095	0.1554
2.100	0.1532
2.105	0.1509
2.110	0.1486
2.115	0.1463
2.120	0.1439
2.125	0.1414
2.130	0.1389
2.135	0.1364
2.140	0.1338
2.145	0.1312
2.150	0.1286
2.155	0.1259
2.160	0.1231
2.165	0.1204
2.170	0.1176
2.175	0.1147
2.180	0.1118
2.185	0.1089
2.190	0.1060
2.195	0.1030
2.200	0.1000
2.205	0.0970
2.210	0.0939
2.215	0.0908
2.220	0.0877
2.225	0.0845
2.230	0.0813
2.235	0.0781
2.240	0.0749
2.245	0.0717
2.250	0.0684
2.255	0.0651
2.260	0.0618
2.265	0.0585
2.270	0.0551
2.275	0.0518
2.280	0.0484
2.285	0.0450
2.290	0.0416
2.295	0.0382
2.300	0.0347
2.305	0.0313
2.310	0.0278
2.315	0.0244
2.320	0.0209
2.325	0.0174
2.330	0.0140
2.335	0.0105
2.340	0.0070
2.345	0.0035
2.350	0.0000
2.355	-0.0035
2.360	-0.0070
2.365	-0.0105
2.370	-0.0140
2.375	-0.0174
2.380	-0.0209
2.385	-0.0244
2.390	-0.0278
2.395	-0.0313
2.400	-0.0347
2.405	-0.0382
2.410	-0.0416
2.415	-0.0450
2.420	-0.0484
2.425	-0.0518
2.430	-0.0551
2.435	-0.0585
2.440	-0.0618
2.445	-0.0651
2.450	-0.0684
2.455	-0.0717
2.460	-0.0749
2.465	-0.0781
2.470	-0.0813
2.475	-0.0845
2.480	-0.0877
2.485	-0.0908
2.490	-0.0939
2.495	-0.0970
2.500	-0.1000
2.505	-0.1030
2.510	-0.1060
2.515	-0.1089
2.520	-0.1118
2.525	-0.1147
2.530	-0.1176
2.535	-0.1204
2.540	-0.1231
2.545	-0.1259
2.550	-0.1286
2.555	-0.1312
2.560	-0.1338
2.565	-0.1364
2.570	-0.1389
2.575	-0.1414
2.580	-0.1439
2.585	-0.1463
2.590	-0.1486
2.595	-0.1509
2.600	-0.1532
2.605	-0.1554
2.610	-0.1576
2.615	-0.1597
2.620	-0.1618
2.625	-0.1638
2.630	-0.1658
2.635	-0.1677
2.640	-0.1696
2.645	-0.1714
2.650	-0.1732
2.655	-0.1749
2.660	-0.1766
2.665	-0.1782
2.670	-0.1798
2.675	-0.1813
2.680	-0.1827
2.685	-0.1841
2.690	-0.1854
2.695	-0.1867
2.700	-0.1879
2.705	-0.1891
2.710	-0.1902
2.715	-0.1913
2.720	-0.1923
2.725	-0.1932
2.730	-0.1941
2.735	-0.1949
2.740	-0.1956
2.745	-0.1963
2.750	-0.1970
2.755	-0.1975
2.760	-0.1981
2.765	-0.1985
2.770	-0.1989
2.775	-0.1992
2.780	-0.1995
2.785	-0.1997
2.790	-0.1999
2.795	-0.2000
2.800	-0.2000
2.805	-0.2000
2.810	-0.1999
2.815	-0.1997
2.820	-0.1995
2.825	-0.1992
2.830	-0.1989
2.835	-0.1985
2.840	-0.1981
2.845	-0.1975
2.850	-0.1970
2.855	-0.1963
2.860	-0.1956
2.865	-0.1949
2.870	-0.1941
2.875	-0.1932
2.880	-0.1923
2.885	-0.1913
2.890	-0.1902
2.895	-0.1891
2.900	-0.1879
2.905	-0.1867
2.910	-0.1854
2.915	-0.1841
2.920	-0.1827
2.925	-0.1813
2.930	-0.1798
2.935	-0.1782
2.940	-0.1766
2.945	-0.1749
2.950	-0.1732
2.955	-0.1714
2.960	-0.1696
2.965	-0.1677
2.970	-0.1658
2.975	-0.1638
2.980	-0.1618
2.985	-0.1597
2.990	-0.1576
2.995	-0.1554
3.000	-0.1532
3.005	-0.1509
3.010	-0.1486
3.015	-0.1463
3.020	-0.1439
3.025	-0.1414
3.030	-0.1389
3.035	-0.1364
3.040	-0.1338
3.045	-0.1312
3.050	-0.1286
3.055	-0.1259
3.060	-0.1231
3.065	-0.1204
3.070	-0.1176
3.075	-0.1147
3.080	-0.1118
3.085	-0.1089
3.090	-0.1060
3.095	-0.1030
3.100	-0.1000
3.105	-0.0970
3.110	-0.0939
3.115	-0.0908
3.120	-0.0877
3.125	-0.0845
3.130	-0.0813
3.135	-0.0781
3.140	-0.0749
3.145	-0.0717
3.150	-0.0684
3.155	-0.0651
3.160	-0.0618
3.165	-0.0585
3.170	-0.0551
3.175	-0.0518
3.180	-0.0484
3.185	-0.0450
3.190	-0.0416
3.195	-0.0382
3.200	-0.0347
3.205	-0.0313
3.210	-0.0278
3.215	-0.0244
3.220	-0.0209
3.225	-0.0174
3.230	-0.0140
3.235	-0.0105
3.240	-0.0070
3.245	-0.0035
3.250	0.0000
3.255	0.0035
3.260	0.0070
3.265	0.0105
3.270	0.0140
3.275	0.0174
3.280	0.0209
3.285	0.0244
3.290	0.0278
3.295	0.0313
3.300	0.0347
3.305	0.0382
3.310	0.0416
3.315	0.0450
3.320	0.0484
3.325	0.0518
3.330	0.0551
3.335	0.0585
3.340	0.0618
3.345	0.0651
3.350	0.0684
3.355	0.0717
3.360	0.0749
3.365	0.0781
3.370	0.0813
3.375	0.0845
3.380	0.0877
3.385	0.0908
3.390	0.0939
3.395	0.0970
3.400	0.1000
3.405	0.1030
3.410	0.1060
3.415	0.1089
3.420	0.1118
3.425	0.1147
3.430	0.1176
3.435	0.1204
3.440	0.1231
3.445	0.1259
3.450	0.1286
3.455	0.1312
3.460	0.1338
3.465	0.1364
3.470	0.1389
3.475	0.1414
3.480	0.1439
3.485	0.1463
3.490	0.1486
3.495	0.1509
3.500	0.1532
3.505	0.1554
3.510	0.1576
3.515	0.1597
3.520	0.1618
3.525	0.1638
3.530	0.1658
3.535	0.1677
3.540	0.1696
3.545	0.1714
3.550	0.1732
3.555	0.1749
3.560	0.1766
3.565	0.1782
3.570	0.1798
3.575	0.1813
3.580	0.1827
3.585	0.1841
3.590	0.1854
3.595	0.1867
3.600	0.1879
3.605	0.1891
3.610	0.1902
3.615	0.1913
3.620	0.1923
3.625	0.1932
3.630	0.1941
3.635	0.1949
3.640	0.1956
3.645	0.1963
3.650	0.1970
3.655	0.1975
3.660	0.1981
3.665	0.1985
3.670	0.1989
3.675	0.1992
3.680	0.1995
3.685	0.1997
3.690	0.1999
3.695	0.2000
3.700	0.2000
3.705	0.2000
3.710	0.1999
3.715	0.1997
3.720	0.1995
3.725	0.1992
3.730	0.1989
3.735	0.1985
3.740	0.1981
3.745	0.1975
3.750	0.1970
3.755	0.1963
3.760	0.1956
3.765	0.1949
3.770	0.1941
3.775	0.1932
3.780	0.1923
3.785	0.1913
3.790	0.1902
3.795	0.1891
3.800	0.1879
3.805	0.1867
3.810	0.1854
3.815	0.1841
3.820	0.1827
3.825	0.1813
3.830	0.1798
3.835	0.1782
3.840	0.1766
3.845	0.1749
3.850	0.1732
3.855	0.1714
3.860	0.1696
3.865	0.1677
3.870	0.1658
3.875	0.1638
3.880	0.1618
3.885	0.1597
3.890	0.1576
3.895	0.1554
3.900	0.1532
3.905	0.1509
3.910	0.1486
3.915	0.1463
3.920	0.1439
3.925	0.1414
3.930	0.1389
3.935	0.1364
3.940	0.1338
3.945	0.1312
3.950	0.1286
3.955	0.1259
3.960	0.1231
3.965	0.1204
3.970	0.1176
3.975	0.1147
3.980	0.1118
3.985	0.1089
3.990	0.1060
3.995	0.1030
4.000	0.1000
4.005	0.0970
4.010	0.0939
4.015	0.0908
4.020	0.0877
4.025	0.0845
4.030	0.0813
4.035	0.0781
4.040	0.0749
4.045	0.0717
4.050	0.0684
4.055	0.0651
4.060	0.0618
4.065	0.0585
4.070	0.0551
4.075	0.0518
4.080	0.0484
4.085	0.0450
4.090	0.0416
4.095	0.0382
4.100	0.0347
4.105	0.0313
4.110	0.0278
4.115	0.0244
4.120	0.0209
4.125	0.0174
4.130	0.0140
4.135	0.0105
4.140	0.0070
4.145	0.0035
4.150	0.0000
4.155	-0.0035
4.160	-0.0070
4.165	-0.0105
4.170	-0.0140
4.175	-0.0174
4.180	-0.0209
4.185	-0.0244
4.190	-0.0278
4.195	-0.0313
4.200	-0.0347
4.205	-0.0382
4.210	-0.0416
4.215	-0.0450
4.220	-0.0484
4.225	-0.0518
4.230	-0.0551
4.235	-0.0585
4.240	-0.0618
4.245	-0.0651
4.250	-0.0684
4.255	-0.0717
4.260	-0.0749
4.265	-0.0781
4.270	-0.0813
4.275	-0.0845
4.280	-0.0877
4.285	-0.0908
4.290	-0.0939
4.295	-0.0970
4.300	-0.1000
4.305	-0.1030
4.310	-0.1060
4.315	-0.1089
4.320	-0.1118
4.325	-0.1147
4.330	-0.1176
4.335	-0.1204
4.340	-0.1231
4.345	-0.1259
4.350	-0.1286
4.355	-0.1312
4.360	-0.1338
4.365	-0.1364
4.370	-0.1389
4.375	-0.1414
4.380	-0.1439
4.385	-0.1463
4.390	-0.1486
4.395	-0.1509
4.400	-0.1532
4.405	-0.1554
4.410	-0.1576
4.415	-0.1597
4.420	-0.1618
4.425	-0.1638
4.430	-0.1658
4.435	-0.1677
4.440	-0.1696
4.445	-0.1714
4.450	-0.1732
4.455	-0.1749
4.460	-0.1766
4.465	-0.1782
4.470	-0.1798
4.475	-0.1813
4.480	-0.1827
4.485	-0.1841
4.490	-0.1854
4.495	-0.1867
4.500	-0.1879
4.505	-0.1891
4.510	-0.1902
4.515	-0.1913
4.520	-0.1923
4.525	-0.1932
4.530	-0.1941
4.535	-0.1949
4.540	-0.1956
4.545	-0.1963
4.550	-0.1970
4.555	-0.1975
4.560	-0.1981
4.565	-0.1985
4.570	-0.1989
4.575	-0.1992
4.580	-0.1995
4.585	-0.1997
4.590	-0.1999
4.595	-0.2000
4.600	-0.2000
4.605	-0.2000
4.610	-0.1999
4.615	-0.1997
4.620	-0.1995
4.625	-0.1992
4.630	-0.1989
4.635	-0.1985
4.640	-0.1981
4.645	-0.1975
4.650	-0.1970
4.655	-0.1963
4.660	-0.1956
4.665	-0.1949
4.670	-0.1941
4.675	-0.1932
4.680	-0.1923
4.685	-0.1913
4.690	-0.1902
4.695	-0.1891
4.700	-0.1879
4.705	-0.1867
4.710	-0.1854
4.715	-0.1841
4.720	-0.1827
4.725	-0.1813
4.730	-0.1798
4.735	-0.1782
4.740	-0.1766
4.745	-0.1749
4.750	-0.1732
4.755	-0.1714
4.760	-0.1696
4.765	-0.1677
4.770	-0.1658
4.775	-0.1638
4.780	-0.1618
4.785	-0.1597
4.790	-0.1576
4.795	-0.1554
4.800	-0.1532
4.805	-0.1509
4.810	-0.1486
4.815	-0.1463
4.820	-0.1439
4.825	-0.1414
4.830	-0.1389
4.835	-0.1364
4.840	-0.1338
4.845	-0.1312
4.850	-0.1286
4.855	-0.1259
4.860	-0.1231
4.865	-0.1204
4.870	-0.1176
4.875	-0.1147
4.880	-0.1118
4.885	-0.1089
4.890	-0.1060
4.895	-0.1030
4.900	-0.1000
4.905	-0.0970
4.910	-0.0939
4.915	-0.0908
4.920	-0.0877
4.925	-0.0845
4.930	-0.0813
4.935	-0.0781
4.940	-0.0749
4.945	-0.0717
4.950	-0.0684
4.955	-0.0651
4.960	-0.0618
4.965	-0.0585
4.970	-0.0551
4.975	-0.0518
4.980	-0.0484
4.985	-0.0450
4.990	-0.0416
4.995	-0.0382
5.000	-0.0347
5.005	-0.0313
5.010	-0.0278
5.015	-0.0244
5.020	-0.0209
5.025	-0.0174
5.030	-0.0140
5.035	-0.0105
5.040	-0.0070
5.045	-0.0035
5.050	0.0000
5.055	0.0035
5.060	0.0070
5.065	0.0105
5.070	0.0140
5.075	0.0174
5.080	0.0209
5.085	0.0244
5.090	0.0278
5.095	0.0313
5.100	0.0347
5.105	0.0382
5.110	0.0416
5.115	0.0450
5.120	0.0484
5.125	0.0518
5.130	0.0551
5.135	0.0585
5.140	0.0618
5.145	0.0651
5.150	0.0684
5.155	0.0717
5.160	0.0749
5.165	0.0781
5.170	0.0813
5.175	0.0845
5.180	0.0877
5.185	0.0908
5.190	0.0939
5.195	0.0970
5.200	0.1000
5.205	0.1030
5.210	0.1060
5.215	0.1089
5.220	0.1118
5.225	0.1147
5.230	0.1176
5.235	0.1204
5.240	0.1231
5.245	0.1259
5.250	0.1286
5.255	0.1312
5.260	0.1338
5.265	0.1364
5.270	0.1389
5.275	0.1414
5.280	0.1439
5.285	0.1463
5.290	0.1486
5.295	0.1509
5.300	0.1532
5.305	0.1554
5.310	0.1576
5.315	0.1597
5.320	0.1618
5.325	0.1638
5.330	0.1658
5.335	0.1677
5.340	0.1696
5.345	0.1714
5.350	0.1732
5.355	0.1749
5.360	0.1766
5.365	0.1782
5.370	0.1798
5.375	0.1813
5.380	0.1827
5.385	0.1841
5.390	0.1854
5.395	0.1867
5.400	0.1879
5.405	0.1891
5.410	0.1902
5.415	0.1913
5.420	0.1923
5.425	0.1932
5.430	0.1941
5.435	0.1949
5.440	0.1956
5.445	0.1963
5.450	0.1970
5.455	0.1975
5.460	0.1981
5.465	0.1985
5.470	0.1989
5.475	0.1992
5.480	0.1995
5.485	0.1997
5.490	0.1999
5.495	0.2000
5.500	0.2000
5.505	0.2000
5.510	0.1999
5.515	0.1997
5.520	0.1995
5.525	0.1992
5.530	0.1989
5.535	0.1985
5.540	0.1981
5.545	0.1975
5.550	0.1970
5.555	0.1963
5.560	0.1956
5.565	0.1949
5.570	0.1941
5.575	0.1932
5.580	0.1923
5.585	0.1913
5.590	0.1902
5.595	0.1891
5.600	0.1879
5.605	0.1867
5.610	0.1854
5.615	0.1841
5.620	0.1827
5.625	0.1813
5.630	0.1798
5.635	0.1782
5.640	0.1766
5.645	0.1749
5.650	0.1732
5.655	0.1714
5.660	0.1696
5.665	0.1677
5.670	0.1658
5.675	0.1638
5.680	0.1618
5.685	0.1597
5.690	0.1576
5.695	0.1554
5.700	0.1532
5.705	0.1509
5.710	0.1486
5.715	0.1463
5.720	0.1439
5.725	0.1414
5.730	0.1389
5.735	0.1364
5.740	0.1338
5.745	0.1312
5.750	0.1286
5.755	0.1259
5.760	0.1231
5.765	0.1204
5.770	0.1176
5.775	0.1147
5.780	0.1118
5.785	0.1089
5.790	0.1060
5.795	0.1030
5.800	0.1000
5.805	0.0970
5.810	0.0939
5.815	0.0908
5.820	0.0877
5.825	0.0845
5.830	0.0813
5.835	0.0781
5.840	0.0749
5.845	0.0717
5.850	0.0684
5.855	0.0651
5.860	0.0618
5.865	0.0585
5.870	0.0551
5.875	0.0518
5.880	0.0484
5.885	0.0450
5.890	0.0416
5.895	0.0382
5.900	0.0347
5.905	0.0313
5.910	0.0278
5.915	0.0244
5.920	0.0209
5.925	0.0174
5.930	0.0140
5.935	0.0105
5.940	0.0070
5.945	0.0035
5.950	0.0000
5.955	-0.0035
5.960	-0.0070
5.965	-0.0105
5.970	-0.0140
5.975	-0.0174
5.980	-0.0209
5.985	-0.0244
5.990	-0.0278
5.995	-0.0313
6.000	-0.0347
6.005	-0.0382
6.010	-0.0416
6.015	-0.0450
6.020	-0.0484
6.025	-0.0518
6.030	-0.0551
6.035	-0.0585
6.040	-0.0618
6.045	-0.0651
6.050	-0.0684
6.055	-0.0717
6.060	-0.0749
6.065	-0.0781
6.070	-0.0813
6.075	-0.0845
6.080	-0.0877
6.085	-0.0908
6.090	-0.0939
6.095	-0.0970
6.100	-0.1000
6.105	-0.1030
6.110	-0.1060
6.115	-0.1089
6.120	-0.1118
6.125	-0.1147
6.130	-0.1176
6.135	-0.1204
6.140	-0.1231
6.145	-0.1259
6.150	-0.1286
6.155	-0.1312
6.160	-0.1338
6.165	-0.1364
6.170	-0.1389
6.175	-0.1414
6.180	-0.1439
6.185	-0.1463
6.190	-0.1486
6.195	-0.1509
6.200	-0.1532
6.205	-0.1554
6.210	-0.1576
6.215	-0.1597
6.220	-0.1618
6.225	-0.1638
6.230	-0.1658
6.235	-0.1677
6.240	-0.1696
6.245	-0.1714
6.250	-0.1732
6.255	-0.1749
6.260	-0.1766
6.265	-0.1782
6.270	-0.1798
6.275	-0.1813
6.280	-0.1827
6.285	-0.1841
6.290	-0.1854
6.295	-0.1867
6.300	-0.1879
6.305	-0.1891
6.310	-0.1902
6.315	-0.1913
6.320	-0.1923
6.325	-0.1932
6.330	-0.1941
6.335	-0.1949
6.340	-0.1956
6.345	-0.1963
6.350	-0.1970
6.355	-0.1975
6.360	-0.1981
6.365	-0.1985
6.370	-0.1989
6.375	-0.1992
6.380	-0.1995
6.385	-0.1997
6.390	-0.1999
6.395	-0.2000
6.400	-0.2000
6.405	-0.2000
6.410	-0.1999
6.415	-0.1999
6.420	-0.1998
6.425	-0.1996
6.430	-0.1995
6.435	-0.1993
6.440	-0.1990
6.445	-0.1988
6.450	-0.1985
6.455	-0.1982
6.460	-0.1978
6.465	-0.1974
6.470	-0.1970
6.475	-0.1966
6.480	-0.1961
6.485	-0.1956
6.490	-0.1951
6.495	-0.1946
6.500	-0.1940
6.505	-0.1934
6.510	-0.1927
6.515	-0.1921
6.520	-0.1914
6.525	-0.1906
6.530	-0.1899
6.535	-0.1891
6.540	-0.1883
6.545	-0.1875
6.550	-0.1866
6.555	-0.1857
6.560	-0.1848
6.565	-0.1839
6.570	-0.1829
6.575	-0.1819
6.580	-0.1809
6.585	-0.1799
6.590	-0.1788
6.595	-0.1777
6.600	-0.1766
6.605	-0.1755
6.610	-0.1743
6.615	-0.1731
6.620	-0.1719
6.625	-0.1707
6.630	-0.1695
6.635	-0.1682
6.640	-0.1669
6.645	-0.1656
6.650	-0.1643
6.655	-0.1629
6.660	-0.1616
6.665	-0.1602
6.670	-0.1588
6.675	-0.1574
6.680	-0.1559
6.685	-0.1545
6.690	-0.1530
6.695	-0.1515
6.700	-0.1500
6.705	-0.1485
6.710	-0.1469
6.715	-0.1454
6.720	-0.1438
6.725	-0.1423
6.730	-0.1407
6.735	-0.1391
6.740	-0.1375
6.745	-0.1358
6.750	-0.1342
6.755	-0.1326
6.760	-0.1309
6.765	-0.1292
6.770	-0.1276
6.775	-0.1259
6.780	-0.1242
6.785	-0.1225
6.790	-0.1208
6.795	-0.1191
6.800	-0.1174
6.805	-0.1156
6.810	-0.1139
6.815	-0.1122
6.820	-0.1105
6.825	-0.1087
6.830	-0.1070
6.835	-0.1052
6.840	-0.1035
6.845	-0.1017
6.850	-0.1000
6.855	-0.0983
6.860	-0.0965
6.865	-0.0948
6.870	-0.0930
6.875	-0.0913
6.880	-0.0895
6.885	-0.0878
6.890	-0.0861
6.895	-0.0844
6.900	-0.0826
6.905	-0.0809
6.910	-0.0792
6.915	-0.0775
6.920	-0.0758
6.925	-0.0741
6.930	-0.0724
6.935	-0.0708
6.940	-0.0691
6.945	-0.0674
6.950	-0.0658
6.955	-0.0642
6.960	-0.0625
6.965	-0.0609
6.970	-0.0593
6.975	-0.0577
6.980	-0.0562
6.985	-0.0546
6.990	-0.0531
6.995	-0.0515
7.000	-0.0500
7.005	-0.0485
7.010	-0.0470
7.015	-0.0455
7.020	-0.0441
7.025	-0.0426
7.030	-0.0412
7.035	-0.0398
7.040	-0.0384
7.045	-0.0371
7.050	-0.0357
7.055	-0.0344
7.060	-0.0331
7.065	-0.0318
7.070	-0.0305
7.075	-0.0293
7.080	-0.0281
7.085	-0.0269
7.090	-0.0257
7.095	-0.0245
7.100	-0.0234
7.105	-0.0223
7.110	-0.0212
7.115	-0.0201
7.120	-0.0191
7.125	-0.0181
7.130	-0.0171
7.135	-0.0161
7.140	-0.0152
7.145	-0.0143
7.150	-0.0134
7.155	-0.0125
7.160	-0.0117
7.165	-0.0109
7.170	-0.0101
7.175	-0.0094
7.180	-0.0086
7.185	-0.0079
7.190	-0.0073
7.195	-0.0066
7.200	-0.0060
7.205	-0.0054
7.210	-0.0049
7.215	-0.0044
7.220	-0.0039
7.225	-0.0034
7.230	-0.0030
7.235	-0.0026
7.240	-0.0022
7.245	-0.0018
7.250	-0.0015
7.255	-0.0012
7.260	-0.0010
7.265	-0.0007
7.270	-0.0005
7.275	-0.0004
7.280	-0.0002
7.285	-0.0001
7.290	-0.0001
7.295	0.0000
7.300	0.0000
7.305	0.0000
7.310	0.0000
7.315	0.0000
7.320	0.0000
7.325	0.0000
7.330	0.0000
7.335	0.0000
7.340	0.0000
7.345	0.0000
7.350	0.0000
7.355	0.0000
7.360	0.0000
7.365	0.0000
7.370	0.0000
7.375	0.0000
7.380	0.0000
7.385	0.0000
7.390	0.0000
7.395	0.0000
7.400	0.0000
7.405	0.0000
7.410	0.0000
7.415	0.0000
7.420	0.0000
7.425	0.0000
7.430	0.0000
7.435	0.0000
7.440	0.0000
7.445	0.0000
7.450	0.0000
7.455	0.0000
7.460	0.0000
7.465	0.0000
7.470	0.0000
7.475	0.0000
7.480	0.0000
7.485	0.0000
7.490	0.0000
7.495	0.0000
7.500	0.0000
7.505	0.0000
7.510	0.0000
7.515	0.0000
7.520	0.0000
7.525	0.0000
7.530	0.0000
7.535	0.0000
7.540	0.0000
7.545	0.0000
7.550	0.0000
7.555	0.0000
7.560	0.0000
7.565	0.0000
7.570	0.0000
7.575	0.0000
7.580	0.0000
7.585	0.0000
7.590	0.0000
7.595	0.0000
7.600	0.0000
7.605	0.0000
7.610	0.0000
7.615	0.0000
7.620	0.0000
7.625	0.0000
7.630	0.0000
7.635	0.0000
7.640	0.0000
7.645	0.0000
7.650	0.0000
7.655	0.0000
7.660	0.0000
7.665	0.0000
7.670	0.0000
7.675	0.0000
7.680	0.0000
7.685	0.0000
7.690	0.0000
7.695	0.0000
7.700	0.0000
7.705	0.0000
7.710	0.0000
7.715	0.0000
7.720	0.0000
7.725	0.0000
7.730	0.0000
7.735	0.0000
7.740	0.0000
7.745	0.0000
7.750	0.0000
7.755	0.0000
7.760	0.0000
7.765	0.0000
7.770	0.0000
7.775	0.0000
7.780	0.0000
7.785	0.0000
7.790	0.0000
7.795	0.0000
7.800	0.0000
7.805	0.0000
7.810	0.0000
7.815	0.0000
7.820	0.0000
7.825	0.0000
7.830	0.0000
7.835	0.0000
7.840	0.0000
7.845	0.0000
7.850	0.0000
7.855	0.0000
7.860	0.0000
7.865	0.0000
7.870	0.0000
7.875	0.0000
7.880	0.0000
7.885	0.0000
7.890	0.0000
7.895	0.0000
7.900	0.0000
7.905	0.0000
7.910	0.0000
7.915	0.0000
7.920	0.0000
7.925	0.0000
7.930	0.0000
7.935	0.0000
7.940	0.0000
7.945	0.0000
7.950	0.0000
7.955	0.0000
7.960	0.0000
7.965	0.0000
7.970	0.0000
7.975	0.0000
7.980	0.0000
7.985	0.0000
7.990	0.0000
7.995	0.0000
8.000	0.0000
8.005	0.0000
8.010	0.0000
8.015	0.0000
8.020	0.0000
8.025	0.0000
8.030	0.0000
8.035	0.0000
8.040	0.0000
8.045	0.0000
8.050	0.0000
8.055	0.0000
8.060	0.0000
8.065	0.0000
8.070	0.0000
8.075	0.0000
8.080	0.0000
8.085	0.0000
8.090	0.0000
8.095	0.0000
8.100	0.0000
8.105	0.0000
8.110	0.0000
8.115	0.0000
8.120	0.0000
8.125	0.0000
8.130	0.0000
8.135	0.0000
8.140	0.0000
8.145	0.0000
8.150	0.0000
8.155	0.0000
8.160	0.0000
8.165	0.0000
8.170	0.0000
8.175	0.0000
8.180	0.0000
8.185	0.0000
8.190	0.0000
8.195	0.0000
8.200	0.0000
8.205	0.0000
8.210	0.0000
8.215	0.0000
8.220	0.0000
8.225	0.0000
8.230	0.0000
8.235	0.0000
8.240	0.0000
8.245	0.0000
8.250	0.0000
8.255	0.0000
8.260	0.0000
8.265	0.0000
8.270	0.0000
8.275	0.0000
8.280	0.0000
8.285	0.0000
8.290	0.0000
8.295	0.0000
8.300	0.0000
8.305	0.0000
8.310	0.0000
8.315	0.0000
8.320	0.0000
8.325	0.0000
8.330	0.0000
8.335	0.0000
8.340	0.0000
8.345	0.0000
8.350	0.0000
8.355	0.0000
8.360	0.0000
8.365	0.0000
8.370	0.0000
8.375	0.0000
8.380	0.0000
8.385	0.0000
8.390	0.0000
8.395	0.0000
8.400	0.0000
8.405	0.0000
8.410	0.0000
8.415	0.0000
8.420	0.0000
8.425	0.0000
8.430	0.0000
8.435	0.0000
8.440	0.0000
8.445	0.0000
8.450	0.0000
8.455	0.0000
8.460	0.0000
8.465	0.0000
8.470	0.0000
8.475	0.0000
8.480	0.0000
8.485	0.0000
8.490	0.0000
8.495	0.0000
8.500	0.0000
8.505	0.0000
8.510	0.0000
8.515	0.0000
8.520	0.0000
8.525	0.0000
8.530	0.0000
8.535	0.0000
8.540	0.0000
8.545	0.0000
8.550	0.0000
8.555	0.0000
8.560	0.0000
8.565	0.0000
8.570	0.0000
8.575	0.0000
8.580	0.0000
8.585	0.0000
8.590	0.0000
8.595	0.0000
8.600	0.0000
8.605	0.0000
8.610	0.0000
8.615	0.0000
8.620	0.0000
8.625	0.0000
8.630	0.0000
8.635	0.0000
8.640	0.0000
8.645	0.0000
8.650	0.0000
8.655	0.0000
8.660	0.0000
8.665	0.0000
8.670	0.0000
8.675	0.0000
8.680	0.0000
8.685	0.0000
8.690	0.0000
8.695	0.0000
8.700	0.0000
8.705	0.0000
8.710	0.0000
8.715	0.0000
8.720	0.0000
8.725	0.0000
8.730	0.0000
8.735	0.0000
8.740	0.0000
8.745	0.0000
8.750	0.0000
8.755	0.0000
8.760	0.0000
8.765	0.0000
8.770	0.0000
8.775	0.0000
8.780	0.0000
8.785	0.0000
8.790	0.0000
8.795	0.0000
8.800	0.0000
8.805	0.0000
8.810	0.0000
8.815	0.0000
8.820	0.0000
8.825	0.0000
8.830	0.0000
8.835	0.0000
8.840	0.0000
8.845	0.0000
8.850	0.0000
8.855	0.0000
8.860	0.0000
8.865	0.0000
8.870	0.0000
8.875	0.0000
8.880	0.0000
8.885	0.0000
8.890	0.0000
8.895	0.0000
8.900	0.0000
8.905	0.0000
8.910	0.0000
8.915	0.0000
8.920	0.0000
8.925	0.0000
8.930	0.0000
8.935	0.0000
8.940	0.0000
8.945	0.0000
8.950	0.0000
8.955	0.0000
8.960	0.0000
8.965	0.0000
8.970	0.0000
8.975	0.0000
8.980	0.0000
8.985	0.0000
8.990	0.0000
8.995	0.0000
9.000	0.0000
9.005	0.0000
9.010	0.0000
9.015	0.0000
9.020	0.0000
9.025	0.0000
9.030	0.0000
9.035	0.0000
9.040	0.0000
9.045	0.0000
9.050	0.0000
9.055	0.0000
9.060	0.0000
9.065	0.0000
9.070	0.0000
9.075	0.0000
9.080	0.0000
9.085	0.0000
9.090	0.0000
9.095	0.0000
9.100	0.0000
9.105	0.0000
9.110	0.0000
9.115	0.0000
9.120	0.0000
9.125	0.0000
9.130	0.0000
9.135	0.0000
9.140	0.0000
9.145	0.0000
9.150	0.0000
9.155	0.0000
9.160	0.0000
9.165	0.0000
9.170	0.0000
9.175	0.0000
9.180	0.0000
9.185	0.0000
9.190	0.0000
9.195	0.0000
9.200	0.0000
9.205	0.0000
9.210	0.0000
9.215	0.0000
9.220	0.0000
9.225	0.0000
9.230	0.0000
9.235	0.0000
9.240	0.0000
9.245	0.0000
9.250	0.0000
9.255	0.0000
9.260	0.0000
9.265	0.0000
9.270	0.0000
9.275	0.0000
9.280	0.0000
9.285	0.0000
9.290	0.0000
9.295	0.0000
9.300	0.0000
9.305	0.0000
9.310	0.0000
9.315	0.0000
9.320	0.0000
9.325	0.0000
9.330	0.0000
9.335	0.0000
9.340	0.0000
9.345	0.0000
9.350	0.0000
9.355	0.0000
9.360	0.0000
9.365	0.0000
9.370	0.0000
9.375	0.0000
9.380	0.0000
9.385	0.0000
9.390	0.0000
9.395	0.0000
9.400	0.0000
9.405	0.0000
9.410	0.0000
9.415	0.0000
9.420	0.0000
9.425	0.0000
9.430	0.0000
9.435	0.0000
9.440	0.0000
9.445	0.0000
9.450	0.0000
9.455	0.0000
9.460	0.0000
9.465	0.0000
9.470	0.0000
9.475	0.0000
9.480	0.0000
9.485	0.0000
9.490	0.0000
9.495	0.0000
9.500	0.0000
9.505	0.0000
9.510	0.0000
9.515	0.0000
9.520	0.0000
9.525	0.0000
9.530	0.0000
9.535	0.0000
9.540	0.0000
9.545	0.0000
9.550	0.0000
9.555	0.0000
9.560	0.0000
9.565	0.0000
9.570	0.0000
9.575	0.0000
9.580	0.0000
9.585	0.0000
9.590	0.0000
9.595	0.0000
9.600	0.0000
9.605	0.0000
9.610	0.0000
9.615	0.0000
9.620	0.0000
9.625	0.0000
9.630	0.0000
9.635	0.0000
9.640	0.0000
9.645	0.0000
9.650	0.0000
9.655	0.0000
9.660	0.0000
9.665	0.0000
9.670	0.0000
9.675	0.0000
9.680	0.0000
9.685	0.0000
9.690	0.0000
9.695	0.0000
9.700	0.0000
9.705	0.0000
9.710	0.0000
9.715	0.0000
9.720	0.0000
9.725	0.0000
9.730	0.0000
9.735	0.0000
9.740	0.0000
9.745	0.0000
9.750	0.0000
9.755	0.0000
9.760	0.0000
9.765	0.0000
9.770	0.0000
9.775	0.0000
9.780	0.0000
9.785	0.0000
9.790	0.0000
9.795	0.0000
9.800	0.0000
9.805	0.0000
9.810	0.0000
9.815	0.0000
9.820	0.0000
9.825	0.0000
9.830	0.0000
9.835	0.0000
9.840	0.0000
9.845	0.0000
9.850	0.0000
9.855	0.0000
9.860	0.0000
9.865	0.0000
9.870	0.0000
9.875	0.0000
9.880	0.0000
9.885	0.0000
9.890	0.0000
9.895	0.0000
9.900	0.0000
9.905	0.0000
9.910	0.0000
9.915	0.0000
9.920	0.0000
9.925	0.0000
9.930	0.0000
9.935	0.0000
9.940	0.0000
9.945	0.0000
9.950	0.0000
9.955	0.0000
9.960	0.0000
9.965	0.0000
9.970	0.0000
9.975	0.0000
9.980	0.0000
9.985	0.0000
9.990	0.0000
9.995	0.0000
10.000	0.0000
