0.000	0.0000000
0.005	0.0000000
0.010	0.0000000
0.015	0.0000000
0.020	0.0000000
0.025	0.0000000
0.030	0.0000000
0.035	0.0000000
0.040	0.0000000
0.045	0.0000000
0.050	0.0000000
0.055	0.0000000
0.060	0.0000000
0.065	0.0000000
0.070	0.0000000
0.075	0.0000000
0.080	0.0000000
0.085	0.0000000
0.090	0.0000000
0.095	0.0000000
0.100	0.0000000
0.105	-0.0005316
0.110	-0.0005320
0.115	-0.0005324
0.120	-0.0005328
0.125	-0.0005331
0.130	-0.0005335
0.135	-0.0005339
0.140	-0.0005343
0.145	-0.0005346
0.150	-0.0005350
0.155	-0.0005354
0.160	-0.0005358
0.165	-0.0005362
0.170	-0.0005365
0.175	-0.0005369
0.180	-0.0005373
0.185	-0.0005377
0.190	-0.0005381
0.195	-0.0005384
0.200	-0.0005388
0.205	-0.0005392
0.210	-0.0005396
0.215	-0.0005399
0.220	-0.0005403
0.225	-0.0005407
0.230	-0.0005410
0.235	-0.0005414
0.240	-0.0005418
0.245	-0.0005422
0.250	-0.0005425
0.255	-0.0005429
0.260	-0.0005433
0.265	-0.0005437
0.270	-0.0005440
0.275	-0.0005444
0.280	-0.0005448
0.285	-0.0005451
0.290	-0.0005455
0.295	-0.0005459
0.300	-0.0005463
0.305	-0.0005466
0.310	-0.0005470
0.315	-0.0005474
0.320	-0.0005477
0.325	-0.0005481
0.330	-0.0005485
0.335	-0.0005489
0.340	-0.0005492
0.345	-0.0005496
0.350	-0.0005500
0.355	-0.0005503
0.360	-0.0005507
0.365	-0.0005511
0.370	-0.0005514
0.375	-0.0005518
0.380	-0.0005522
0.385	-0.0005525
0.390	-0.0005529
0.395	-0.0005533
0.400	-0.0005536
0.405	-0.0005540
0.410	-0.0005544
0.415	-0.0005547
0.420	-0.0005551
0.425	-0.0005554
0.430	-0.0005558
0.435	-0.0005562
0.440	-0.0005565
0.445	-0.0005569
0.450	-0.0005573
0.455	-0.0005576
0.460	-0.0005580
0.465	-0.0005584
0.470	-0.0005587
0.475	-0.0005591
0.480	-0.0005594
0.485	-0.0005598
0.490	-0.0005602
0.495	-0.0005605
0.500	-0.0005609
0.505	-0.0005613
0.510	-0.0005616
0.515	-0.0005620
0.520	-0.0005623
0.525	-0.0005627
0.530	-0.0005631
0.535	-0.0005634
0.540	-0.0005638
0.545	-0.0005641
0.550	-0.0005645
0.555	-0.0005649
0.560	-0.0005652
0.565	-0.0005656
0.570	-0.0005659
0.575	-0.0005663
0.580	-0.0005666
0.585	-0.0005670
0.590	-0.0005674
0.595	-0.0005677
0.600	-0.0005681
0.605	-0.0005684
0.610	-0.0005688
0.615	-0.0005691
0.620	-0.0005695
0.625	-0.0005699
0.630	-0.0005702
0.635	-0.0005706
0.640	-0.0005709
0.645	-0.0005713
0.650	-0.0005716
0.655	-0.0005720
0.660	-0.0005723
0.665	-0.0005727
0.670	-0.0005731
0.675	-0.0005734
0.680	-0.0005738
0.685	-0.0005741
0.690	-0.0005744
0.695	-0.0005748
0.700	-0.0005751
0.705	-0.0005755
0.710	-0.0005758
0.715	-0.0005762
0.720	-0.0005765
0.725	-0.0005769
0.730	-0.0005772
0.735	-0.0005776
0.740	-0.0005779
0.745	-0.0005783
0.750	-0.0005786
0.755	-0.0005790
0.760	-0.0005793
0.765	-0.0005796
0.770	-0.0005800
0.775	-0.0005803
0.780	-0.0005807
0.785	-0.0005810
0.790	-0.0005814
0.795	-0.0005817
0.800	-0.0005821
0.805	-0.0005824
0.810	-0.0005828
0.815	-0.0005831
0.820	-0.0005835
0.825	-0.0005838
0.830	-0.0005841
0.835	-0.0005845
0.840	-0.0005848
0.845	-0.0005852
0.850	-0.0005855
0.855	-0.0005859
0.860	-0.0005862
0.865	-0.0005866
0.870	-0.0005869
0.875	-0.0005873
0.880	-0.0005876
0.885	-0.0005879
0.890	-0.0005883
0.895	-0.0005886
0.900	-0.0005890
0.905	-0.0005893
0.910	-0.0005897
0.915	-0.0005900
0.920	-0.0005903
0.925	-0.0005907
0.930	-0.0005910
0.935	-0.0005913
0.940	-0.0005917
0.945	-0.0005920
0.950	-0.0005923
0.955	-0.0005927
0.960	-0.0005930
0.965	-0.0005933
0.970	-0.0005937
0.975	-0.0005940
0.980	-0.0005944
0.985	-0.0005947
0.990	-0.0005950
0.995	-0.0005954
1.000	-0.0005957
1.005	-0.0005961
1.010	-0.0005964
1.015	-0.0005967
1.020	-0.0005971
1.025	-0.0005974
1.030	-0.0005977
1.035	-0.0005981
1.040	-0.0005984
1.045	-0.0005987
1.050	-0.0005991
1.055	-0.0005994
1.060	-0.0005997
1.065	-0.0006001
1.070	-0.0006004
1.075	-0.0006007
1.080	-0.0006010
1.085	-0.0006014
1.090	-0.0006017
1.095	-0.0006020
1.100	-0.0006024
1.105	-0.0006027
1.110	-0.0006030
1.115	-0.0006034
1.120	-0.0006037
1.125	-0.0006040
1.130	-0.0006044
1.135	-0.0006047
1.140	-0.0006050
1.145	-0.0006054
1.150	-0.0006057
1.155	-0.0006060
1.160	-0.0006064
1.165	-0.0006067
1.170	-0.0006070
1.175	-0.0006074
1.180	-0.0006077
1.185	-0.0006080
1.190	-0.0006083
1.195	-0.0006087
1.200	-0.0006090
1.205	-0.0006093
1.210	-0.0006096
1.215	-0.0006100
1.220	-0.0006103
1.225	-0.0006106
1.230	-0.0006109
1.235	-0.0006112
1.240	-0.0006116
1.245	-0.0006119
1.250	-0.0006122
1.255	-0.0006125
1.260	-0.0006128
1.265	-0.0006132
1.270	-0.0006135
1.275	-0.0006138
1.280	-0.0006141
1.285	-0.0006144
1.290	-0.0006148
1.295	-0.0006151
1.300	-0.0006154
1.305	-0.0006157
1.310	-0.0006160
1.315	-0.0006163
1.320	-0.0006166
1.325	-0.0006170
1.330	-0.0006173
1.335	-0.0006176
1.340	-0.0006179
1.345	-0.0006182
1.350	-0.0006185
1.355	-0.0006188
1.360	-0.0006191
1.365	-0.0006194
1.370	-0.0006197
1.375	-0.0006200
1.380	-0.0006203
1.385	-0.0006206
1.390	-0.0006209
1.395	-0.0006212
1.400	-0.0006215
1.405	-0.0006218
1.410	-0.0006221
1.415	-0.0006225
1.420	-0.0006228
1.425	-0.0006231
1.430	-0.0006234
1.435	-0.0006237
1.440	-0.0006240
1.445	-0.0006243
1.450	-0.0006246
1.455	-0.0006249
1.460	-0.0006252
1.465	-0.0006255
1.470	-0.0006258
1.475	-0.0006261
1.480	-0.0006264
1.485	-0.0006267
1.490	-0.0006270
1.495	-0.0006273
1.500	-0.0006276
1.505	-0.0006279
1.510	-0.0006282
1.515	-0.0006285
1.520	-0.0006288
1.525	-0.0006291
1.530	-0.0006294
1.535	-0.0006297
1.540	-0.0006300
1.545	-0.0006303
1.550	-0.0006306
1.555	-0.0006309
1.560	-0.0006312
1.565	-0.0006315
1.570	-0.0006318
1.575	-0.0006321
1.580	-0.0006324
1.585	-0.0006327
1.590	-0.0006329
1.595	-0.0006332
1.600	-0.0006335
1.605	-0.0006338
1.610	-0.0006341
1.615	-0.0006344
1.620	-0.0006347
1.625	-0.0006350
1.630	-0.0006353
1.635	-0.0006356
1.640	-0.0006359
1.645	-0.0006362
1.650	-0.0006364
1.655	-0.0006367
1.660	-0.0006370
1.665	-0.0006373
1.670	-0.0006376
1.675	-0.0006379
1.680	-0.0006382
1.685	-0.0006385
1.690	-0.0006388
1.695	-0.0006390
1.700	-0.0006393
1.705	-0.0006396
1.710	-0.0006399
1.715	-0.0006402
1.720	-0.0006405
1.725	-0.0006407
1.730	-0.0006410
1.735	-0.0006413
1.740	-0.0006416
1.745	-0.0006418
1.750	-0.0006421
1.755	-0.0006424
1.760	-0.0006427
1.765	-0.0006429
1.770	-0.0006432
1.775	-0.0006435
1.780	-0.0006438
1.785	-0.0006440
1.790	-0.0006443
1.795	-0.0006446
1.800	-0.0006449
1.805	-0.0006451
1.810	-0.0006454
1.815	-0.0006457
1.820	-0.0006460
1.825	-0.0006463
1.830	-0.0006465
1.835	-0.0006468
1.840	-0.0006471
1.845	-0.0006474
1.850	-0.0006476
1.855	-0.0006479
1.860	-0.0006482
1.865	-0.0006484
1.870	-0.0006487
1.875	-0.0006490
1.880	-0.0006492
1.885	-0.0006495
1.890	-0.0006498
1.895	-0.0006500
1.900	-0.0006503
1.905	-0.0006506
1.910	-0.0006508
1.915	-0.0006511
1.920	-0.0006514
1.925	-0.0006516
1.930	-0.0006519
1.935	-0.0006521
1.940	-0.0006524
1.945	-0.0006526
1.950	-0.0006529
1.955	-0.0006532
1.960	-0.0006534
1.965	-0.0006537
1.970	-0.0006539
1.975	-0.0006542
1.980	-0.0006544
1.985	-0.0006547
1.990	-0.0006550
1.995	-0.0006552
2.000	-0.0006555
2.005	-0.0006557
2.010	-0.0006560
2.015	-0.0006562
2.020	-0.0006565
2.025	-0.0006567
2.030	-0.0006570
2.035	-0.0006572
2.040	-0.0006575
2.045	-0.0006577
2.050	-0.0006580
2.055	-0.0006582
2.060	-0.0006585
2.065	-0.0006587
2.070	-0.0006590
2.075	-0.0006592
2.080	-0.0006595
2.085	-0.0006597
2.090	-0.0006599
2.095	-0.0006602
2.100	-0.0006604
2.105	-0.0006607
2.110	-0.0006609
2.115	-0.0006611
2.120	-0.0006614
2.125	-0.0006616
2.130	-0.0006619
2.135	-0.0006621
2.140	-0.0006623
2.145	-0.0006626
2.150	-0.0006628
2.155	-0.0006630
2.160	-0.0006633
2.165	-0.0006635
2.170	-0.0006637
2.175	-0.0006640
2.180	-0.0006642
2.185	-0.0006644
2.190	-0.0006647
2.195	-0.0006649
2.200	-0.0006651
2.205	-0.0006653
2.210	-0.0006656
2.215	-0.0006658
2.220	-0.0006660
2.225	-0.0006662
2.230	-0.0006665
2.235	-0.0006667
2.240	-0.0006669
2.245	-0.0006671
2.250	-0.0006673
2.255	-0.0006676
2.260	-0.0006678
2.265	-0.0006680
2.270	-0.0006682
2.275	-0.0006684
2.280	-0.0006687
2.285	-0.0006689
2.290	-0.0006691
2.295	-0.0006693
2.300	-0.0006695
2.305	-0.0006697
2.310	-0.0006699
2.315	-0.0006701
2.320	-0.0006703
2.325	-0.0006706
2.330	-0.0006708
2.335	-0.0006710
2.340	-0.0006712
2.345	-0.0006714
2.350	-0.0006716
2.355	-0.0006718
2.360	-0.0006720
2.365	-0.0006722
2.370	-0.0006724
2.375	-0.0006726
2.380	-0.0006728
2.385	-0.0006730
2.390	-0.0006732
2.395	-0.0006734
2.400	-0.0006736
2.405	-0.0006738
2.410	-0.0006740
2.415	-0.0006742
2.420	-0.0006744
2.425	-0.0006746
2.430	-0.0006748
2.435	-0.0006750
2.440	-0.0006752
2.445	-0.0006754
2.450	-0.0006756
2.455	-0.0006758
2.460	-0.0006760
2.465	-0.0006761
2.470	-0.0006763
2.475	-0.0006765
2.480	-0.0006767
2.485	-0.0006769
2.490	-0.0006771
2.495	-0.0006773
2.500	-0.0006775
2.505	-0.0006777
2.510	-0.0006779
2.515	-0.0006781
2.520	-0.0006782
2.525	-0.0006784
2.530	-0.0006786
2.535	-0.0006788
2.540	-0.0006790
2.545	-0.0006792
2.550	-0.0006793
2.555	-0.0006795
2.560	-0.0006797
2.565	-0.0006799
2.570	-0.0006801
2.575	-0.0006802
2.580	-0.0006804
2.585	-0.0006806
2.590	-0.0006808
2.595	-0.0006809
2.600	-0.0006811
2.605	-0.0006813
2.610	-0.0006814
2.615	-0.0006816
2.620	-0.0006818
2.625	-0.0006819
2.630	-0.0006821
2.635	-0.0006823
2.640	-0.0006824
2.645	-0.0006826
2.650	-0.0006828
2.655	-0.0006829
2.660	-0.0006831
2.665	-0.0006833
2.670	-0.0006834
2.675	-0.0006836
2.680	-0.0006837
2.685	-0.0006839
2.690	-0.0006841
2.695	-0.0006842
2.700	-0.0006844
2.705	-0.0006845
2.710	-0.0006847
2.715	-0.0006848
2.720	-0.0006850
2.725	-0.0006851
2.730	-0.0006853
2.735	-0.0006855
2.740	-0.0006856
2.745	-0.0006858
2.750	-0.0006859
2.755	-0.0006860
2.760	-0.0006862
2.765	-0.0006863
2.770	-0.0006865
2.775	-0.0006866
2.780	-0.0006868
2.785	-0.0006869
2.790	-0.0006871
2.795	-0.0006872
2.800	-0.0006873
2.805	-0.0006875
2.810	-0.0006876
2.815	-0.0006878
2.820	-0.0006879
2.825	-0.0006880
2.830	-0.0006882
2.835	-0.0006883
2.840	-0.0006885
2.845	-0.0006886
2.850	-0.0006887
2.855	-0.0006889
2.860	-0.0006890
2.865	-0.0006891
2.870	-0.0006893
2.875	-0.0006894
2.880	-0.0006895
2.885	-0.0006897
2.890	-0.0006898
2.895	-0.0006899
2.900	-0.0006900
2.905	-0.0006902
2.910	-0.0006903
2.915	-0.0006904
2.920	-0.0006905
2.925	-0.0006907
2.930	-0.0006908
2.935	-0.0006909
2.940	-0.0006910
2.945	-0.0006911
2.950	-0.0006913
2.955	-0.0006914
2.960	-0.0006915
2.965	-0.0006916
2.970	-0.0006917
2.975	-0.0006918
2.980	-0.0006919
2.985	-0.0006921
2.990	-0.0006922
2.995	-0.0006923
3.000	-0.0006924
3.005	-0.0006925
3.010	-0.0006926
3.015	-0.0006927
3.020	-0.0006928
3.025	-0.0006929
3.030	-0.0006930
3.035	-0.0006931
3.040	-0.0006932
3.045	-0.0006933
3.050	-0.0006934
3.055	-0.0006935
3.060	-0.0006936
3.065	-0.0006937
3.070	-0.0006938
3.075	-0.0006939
3.080	-0.0006940
3.085	-0.0006941
3.090	-0.0006942
3.095	-0.0006943
3.100	-0.0006944
3.105	-0.0006945
3.110	-0.0006946
3.115	-0.0006947
3.120	-0.0006948
3.125	-0.0006948
3.130	-0.0006949
3.135	-0.0006950
3.140	-0.0006951
3.145	-0.0006952
3.150	-0.0006953
3.155	-0.0006954
3.160	-0.0006955
3.165	-0.0006955
3.170	-0.0006956
3.175	-0.0006957
3.180	-0.0006958
3.185	-0.0006959
3.190	-0.0006959
3.195	-0.0006960
3.200	-0.0006961
3.205	-0.0006962
3.210	-0.0006963
3.215	-0.0006963
3.220	-0.0006964
3.225	-0.0006965
3.230	-0.0006966
3.235	-0.0006966
3.240	-0.0006967
3.245	-0.0006968
3.250	-0.0006968
3.255	-0.0006969
3.260	-0.0006970
3.265	-0.0006970
3.270	-0.0006971
3.275	-0.0006972
3.280	-0.0006972
3.285	-0.0006973
3.290	-0.0006974
3.295	-0.0006974
3.300	-0.0006975
3.305	-0.0006976
3.310	-0.0006976
3.315	-0.0006977
3.320	-0.0006977
3.325	-0.0006978
3.330	-0.0006979
3.335	-0.0006979
3.340	-0.0006980
3.345	-0.0006980
3.350	-0.0006981
3.355	-0.0006981
3.360	-0.0006982
3.365	-0.0006982
3.370	-0.0006983
3.375	-0.0006983
3.380	-0.0006984
3.385	-0.0006984
3.390	-0.0006985
3.395	-0.0006985
3.400	-0.0006986
3.405	-0.0006986
3.410	-0.0006987
3.415	-0.0006987
3.420	-0.0006987
3.425	-0.0006988
3.430	-0.0006988
3.435	-0.0006988
3.440	-0.0006989
3.445	-0.0006989
3.450	-0.0006989
3.455	-0.0006990
3.460	-0.0006990
3.465	-0.0006990
3.470	-0.0006991
3.475	-0.0006991
3.480	-0.0006991
3.485	-0.0006992
3.490	-0.0006992
3.495	-0.0006992
3.500	-0.0006992
3.505	-0.0006992
3.510	-0.0006993
3.515	-0.0006993
3.520	-0.0006993
3.525	-0.0006993
3.530	-0.0006993
3.535	-0.0006993
3.540	-0.0006994
3.545	-0.0006994
3.550	-0.0006994
3.555	-0.0006994
3.560	-0.0006994
3.565	-0.0006994
3.570	-0.0006994
3.575	-0.0006994
3.580	-0.0006994
3.585	-0.0006994
3.590	-0.0006994
3.595	-0.0006994
3.600	-0.0006994
3.605	-0.0006994
3.610	-0.0006994
3.615	-0.0006994
3.620	-0.0006994
3.625	-0.0006994
3.630	-0.0006994
3.635	-0.0006994
3.640	-0.0006994
3.645	-0.0006994
3.650	-0.0006994
3.655	-0.0006993
3.660	-0.0006993
3.665	-0.0006993
3.670	-0.0006993
3.675	-0.0006993
3.680	-0.0006993
3.685	-0.0006993
3.690	-0.0006992
3.695	-0.0006992
3.700	-0.0006992
3.705	-0.0006992
3.710	-0.0006991
3.715	-0.0006991
3.720	-0.0006991
3.725	-0.0006991
3.730	-0.0006990
3.735	-0.0006990
3.740	-0.0006990
3.745	-0.0006989
3.750	-0.0006989
3.755	-0.0006989
3.760	-0.0006988
3.765	-0.0006988
3.770	-0.0006987
3.775	-0.0006987
3.780	-0.0006987
3.785	-0.0006986
3.790	-0.0006986
3.795	-0.0006985
3.800	-0.0006985
3.805	-0.0006984
3.810	-0.0006984
3.815	-0.0006983
3.820	-0.0006982
3.825	-0.0006982
3.830	-0.0006981
3.835	-0.0006981
3.840	-0.0006980
3.845	-0.0006979
3.850	-0.0006979
3.855	-0.0006978
3.860	-0.0006977
3.865	-0.0006977
3.870	-0.0006976
3.875	-0.0006975
3.880	-0.0006975
3.885	-0.0006974
3.890	-0.0006973
3.895	-0.0006973
3.900	-0.0006972
3.905	-0.0006971
3.910	-0.0006970
3.915	-0.0006969
3.920	-0.0006968
3.925	-0.0006968
3.930	-0.0006967
3.935	-0.0006966
3.940	-0.0006965
3.945	-0.0006964
3.950	-0.0006963
3.955	-0.0006962
3.960	-0.0006961
3.965	-0.0006961
3.970	-0.0006960
3.975	-0.0006959
3.980	-0.0006958
3.985	-0.0006957
3.990	-0.0006956
3.995	-0.0006955
4.000	-0.0006954
4.005	-0.0006953
4.010	-0.0006952
4.015	-0.0006951
4.020	-0.0006950
4.025	-0.0006948
4.030	-0.0006947
4.035	-0.0006946
4.040	-0.0006945
4.045	-0.0006944
4.050	-0.0006943
4.055	-0.0006942
4.060	-0.0006941
4.065	-0.0006939
4.070	-0.0006938
4.075	-0.0006937
4.080	-0.0006936
4.085	-0.0006934
4.090	-0.0006933
4.095	-0.0006932
4.100	-0.0006931
4.105	-0.0006929
4.110	-0.0006928
4.115	-0.0006927
4.120	-0.0006925
4.125	-0.0006924
4.130	-0.0006923
4.135	-0.0006922
4.140	-0.0006920
4.145	-0.0006919
4.150	-0.0006917
4.155	-0.0006916
4.160	-0.0006915
4.165	-0.0006913
4.170	-0.0006912
4.175	-0.0006910
4.180	-0.0006909
4.185	-0.0006907
4.190	-0.0006906
4.195	-0.0006904
4.200	-0.0006903
4.205	-0.0006901
4.210	-0.0006900
4.215	-0.0006898
4.220	-0.0006897
4.225	-0.0006895
4.230	-0.0006893
4.235	-0.0006892
4.240	-0.0006890
4.245	-0.0006889
4.250	-0.0006887
4.255	-0.0006885
4.260	-0.0006884
4.265	-0.0006882
4.270	-0.0006880
4.275	-0.0006878
4.280	-0.0006877
4.285	-0.0006875
4.290	-0.0006873
4.295	-0.0006871
4.300	-0.0006870
4.305	-0.0006868
4.310	-0.0006866
4.315	-0.0006864
4.320	-0.0006862
4.325	-0.0006860
4.330	-0.0006859
4.335	-0.0006857
4.340	-0.0006855
4.345	-0.0006853
4.350	-0.0006851
4.355	-0.0006849
4.360	-0.0006847
4.365	-0.0006845
4.370	-0.0006843
4.375	-0.0006841
4.380	-0.0006839
4.385	-0.0006837
4.390	-0.0006835
4.395	-0.0006833
4.400	-0.0006830
4.405	-0.0006828
4.410	-0.0006826
4.415	-0.0006824
4.420	-0.0006822
4.425	-0.0006820
4.430	-0.0006818
4.435	-0.0006815
4.440	-0.0006813
4.445	-0.0006811
4.450	-0.0006809
4.455	-0.0006807
4.460	-0.0006804
4.465	-0.0006802
4.470	-0.0006800
4.475	-0.0006798
4.480	-0.0006795
4.485	-0.0006793
4.490	-0.0006791
4.495	-0.0006788
4.500	-0.0006786
4.505	-0.0006783
4.510	-0.0006781
4.515	-0.0006779
4.520	-0.0006776
4.525	-0.0006774
4.530	-0.0006771
4.535	-0.0006769
4.540	-0.0006766
4.545	-0.0006764
4.550	-0.0006761
4.555	-0.0006759
4.560	-0.0006756
4.565	-0.0006754
4.570	-0.0006751
4.575	-0.0006749
4.580	-0.0006746
4.585	-0.0006743
4.590	-0.0006741
4.595	-0.0006738
4.600	-0.0006735
4.605	-0.0006733
4.610	-0.0006730
4.615	-0.0006727
4.620	-0.0006725
4.625	-0.0006722
4.630	-0.0006719
4.635	-0.0006716
4.640	-0.0006713
4.645	-0.0006711
4.650	-0.0006708
4.655	-0.0006705
4.660	-0.0006702
4.665	-0.0006699
4.670	-0.0006696
4.675	-0.0006694
4.680	-0.0006691
4.685	-0.0006688
4.690	-0.0006685
4.695	-0.0006682
4.700	-0.0006679
4.705	-0.0006676
4.710	-0.0006673
4.715	-0.0006670
4.720	-0.0006667
4.725	-0.0006664
4.730	-0.0006661
4.735	-0.0006658
4.740	-0.0006655
4.745	-0.0006651
4.750	-0.0006648
4.755	-0.0006645
4.760	-0.0006642
4.765	-0.0006639
4.770	-0.0006635
4.775	-0.0006632
4.780	-0.0006629
4.785	-0.0006626
4.790	-0.0006623
4.795	-0.0006619
4.800	-0.0006616
4.805	-0.0006613
4.810	-0.0006609
4.815	-0.0006606
4.820	-0.0006603
4.825	-0.0006599
4.830	-0.0006596
4.835	-0.0006593
4.840	-0.0006589
4.845	-0.0006586
4.850	-0.0006582
4.855	-0.0006579
4.860	-0.0006575
4.865	-0.0006571
4.870	-0.0006568
4.875	-0.0006564
4.880	-0.0006561
4.885	-0.0006557
4.890	-0.0006553
4.895	-0.0006550
4.900	-0.0006546
4.905	-0.0006542
4.910	-0.0006539
4.915	-0.0006535
4.920	-0.0006531
4.925	-0.0006528
4.930	-0.0006524
4.935	-0.0006520
4.940	-0.0006516
4.945	-0.0006512
4.950	-0.0006508
4.955	-0.0006504
4.960	-0.0006501
4.965	-0.0006497
4.970	-0.0006493
4.975	-0.0006489
4.980	-0.0006485
4.985	-0.0006481
4.990	-0.0006477
4.995	-0.0006472
5.000	-0.0006468
5.005	-0.0006464
5.010	-0.0006460
5.015	-0.0006456
5.020	-0.0006452
5.025	-0.0006448
5.030	-0.0006444
5.035	-0.0006439
5.040	-0.0006435
5.045	-0.0006431
5.050	-0.0006427
5.055	-0.0006423
5.060	-0.0006418
5.065	-0.0006414
5.070	-0.0006410
5.075	-0.0006405
5.080	-0.0006401
5.085	-0.0006397
5.090	-0.0006392
5.095	-0.0006388
5.100	-0.0006383
5.105	-0.0006379
5.110	-0.0006374
5.115	-0.0006370
5.120	-0.0006365
5.125	-0.0006361
5.130	-0.0006356
5.135	-0.0006352
5.140	-0.0006347
5.145	-0.0006343
5.150	-0.0006338
5.155	-0.0006333
5.160	-0.0006329
5.165	-0.0006324
5.170	-0.0006320
5.175	-0.0006315
5.180	-0.0006310
5.185	-0.0006305
5.190	-0.0006301
5.195	-0.0006296
5.200	-0.0006291
5.205	-0.0006286
5.210	-0.0006281
5.215	-0.0006277
5.220	-0.0006272
5.225	-0.0006267
5.230	-0.0006262
5.235	-0.0006257
5.240	-0.0006252
5.245	-0.0006247
5.250	-0.0006242
5.255	-0.0006237
5.260	-0.0006232
5.265	-0.0006227
5.270	-0.0006222
5.275	-0.0006217
5.280	-0.0006212
5.285	-0.0006206
5.290	-0.0006201
5.295	-0.0006196
5.300	-0.0006191
5.305	-0.0006185
5.310	-0.0006180
5.315	-0.0006175
5.320	-0.0006169
5.325	-0.0006164
5.330	-0.0006159
5.335	-0.0006154
5.340	-0.0006148
5.345	-0.0006142
5.350	-0.0006136
5.355	-0.0006131
5.360	-0.0006125
5.365	-0.0006119
5.370	-0.0006114
5.375	-0.0006109
5.380	-0.0006103
5.385	-0.0006098
5.390	-0.0006093
5.395	-0.0006087
5.400	-0.0006082
5.405	-0.0006076
5.410	-0.0006070
5.415	-0.0006064
5.420	-0.0006058
5.425	-0.0006052
5.430	-0.0006046
5.435	-0.0006040
5.440	-0.0006034
5.445	-0.0006027
5.450	-0.0006021
5.455	-0.0006014
5.460	-0.0006008
5.465	-0.0006001
5.470	-0.0005995
5.475	-0.0005989
5.480	-0.0005983
5.485	-0.0005977
5.490	-0.0005970
5.495	-0.0005963
5.500	-0.0005956
5.505	-0.0005949
5.510	-0.0005943
5.515	-0.0005936
5.520	-0.0005929
5.525	-0.0005922
5.530	-0.0005914
5.535	-0.0005906
5.540	-0.0005898
5.545	-0.0005891
5.550	-0.0005884
5.555	-0.0005878
5.560	-0.0005872
5.565	-0.0005865
5.570	-0.0005858
5.575	-0.0005849
5.580	-0.0005841
5.585	-0.0005833
5.590	-0.0005826
5.595	-0.0005821
5.600	-0.0005815
5.605	-0.0005810
5.610	-0.0005803
5.615	-0.0005794
5.620	-0.0005785
5.625	-0.0005777
5.630	-0.0005770
5.635	-0.0005764
5.640	-0.0005759
5.645	-0.0005753
5.650	-0.0005746
5.655	-0.0005738
5.660	-0.0005728
5.665	-0.0005719
5.670	-0.0005712
5.675	-0.0005707
5.680	-0.0005705
5.685	-0.0005704
5.690	-0.0005701
5.695	-0.0005696
5.700	-0.0005686
5.705	-0.0005673
5.710	-0.0005659
5.715	-0.0005647
5.720	-0.0005638
5.725	-0.0005633
5.730	-0.0005630
5.735	-0.0005627
5.740	-0.0005621
5.745	-0.0005613
5.750	-0.0005602
5.755	-0.0005591
5.760	-0.0005580
5.765	-0.0005570
5.770	-0.0005561
5.775	-0.0005553
5.780	-0.0005543
5.785	-0.0005531
5.790	-0.0005517
5.795	-0.0005504
5.800	-0.0005492
5.805	-0.0005481
5.810	-0.0005472
5.815	-0.0005464
5.820	-0.0005456
5.825	-0.0005447
5.830	-0.0005436
5.835	-0.0005424
5.840	-0.0005411
5.845	-0.0005397
5.850	-0.0005384
5.855	-0.0005371
5.860	-0.0005358
5.865	-0.0005345
5.870	-0.0005333
5.875	-0.0005320
5.880	-0.0005308
5.885	-0.0005296
5.890	-0.0005285
5.895	-0.0005275
5.900	-0.0005265
5.905	-0.0005255
5.910	-0.0005241
5.915	-0.0005224
5.920	-0.0005206
5.925	-0.0005188
5.930	-0.0005175
5.935	-0.0005168
5.940	-0.0005165
5.945	-0.0005163
5.950	-0.0005159
5.955	-0.0005149
5.960	-0.0005133
5.965	-0.0005114
5.970	-0.0005095
5.975	-0.0005081
5.980	-0.0005074
5.985	-0.0005072
5.990	-0.0005072
5.995	-0.0005068
6.000	-0.0005059
6.005	-0.0005044
6.010	-0.0005026
6.015	-0.0005011
6.020	-0.0005001
6.025	-0.0004998
6.030	-0.0005002
6.035	-0.0005010
6.040	-0.0005016
6.045	-0.0005016
6.050	-0.0005011
6.055	-0.0005003
6.060	-0.0004998
6.065	-0.0004998
6.070	-0.0005005
6.075	-0.0005018
6.080	-0.0005030
6.085	-0.0005038
6.090	-0.0005040
6.095	-0.0005036
6.100	-0.0005028
6.105	-0.0005022
6.110	-0.0005020
6.115	-0.0005026
6.120	-0.0005037
6.125	-0.0005049
6.130	-0.0005058
6.135	-0.0005058
6.140	-0.0005048
6.145	-0.0005029
6.150	-0.0005005
6.155	-0.0004980
6.160	-0.0004958
6.165	-0.0004943
6.170	-0.0004937
6.175	-0.0004938
6.180	-0.0004943
6.185	-0.0004949
6.190	-0.0004951
6.195	-0.0004948
6.200	-0.0004938
6.205	-0.0004924
6.210	-0.0004908
6.215	-0.0004893
6.220	-0.0004882
6.225	-0.0004876
6.230	-0.0004872
6.235	-0.0004867
6.240	-0.0004860
6.245	-0.0004849
6.250	-0.0004836
6.255	-0.0004821
6.260	-0.0004807
6.265	-0.0004794
6.270	-0.0004783
6.275	-0.0004773
6.280	-0.0004761
6.285	-0.0004748
6.290	-0.0004735
6.295	-0.0004723
6.300	-0.0004711
6.305	-0.0004697
6.310	-0.0004679
6.315	-0.0004656
6.320	-0.0004629
6.325	-0.0004603
6.330	-0.0004578
6.335	-0.0004557
6.340	-0.0004539
6.345	-0.0004523
6.350	-0.0004510
6.355	-0.0004498
6.360	-0.0004485
6.365	-0.0004472
6.370	-0.0004455
6.375	-0.0004433
6.380	-0.0004405
6.385	-0.0004371
6.390	-0.0004333
6.395	-0.0004294
6.400	-0.0004258
6.405	-0.0004229
6.410	-0.0004209
6.415	-0.0004198
6.420	-0.0004192
6.425	-0.0004190
6.430	-0.0004190
6.435	-0.0004191
6.440	-0.0004193
6.445	-0.0004199
6.450	-0.0004209
6.455	-0.0004223
6.460	-0.0004242
6.465	-0.0004264
6.470	-0.0004289
6.475	-0.0004315
6.480	-0.0004341
6.485	-0.0004367
6.490	-0.0004394
6.495	-0.0004421
6.500	-0.0004447
6.505	-0.0004469
6.510	-0.0004482
6.515	-0.0004482
6.520	-0.0004466
6.525	-0.0004439
6.530	-0.0004406
6.535	-0.0004376
6.540	-0.0004358
6.545	-0.0004354
6.550	-0.0004361
6.555	-0.0004370
6.560	-0.0004369
6.565	-0.0004349
6.570	-0.0004307
6.575	-0.0004248
6.580	-0.0004179
6.585	-0.0004112
6.590	-0.0004056
6.595	-0.0004015
6.600	-0.0003987
6.605	-0.0003963
6.610	-0.0003933
6.615	-0.0003890
6.620	-0.0003834
6.625	-0.0003773
6.630	-0.0003715
6.635	-0.0003668
6.640	-0.0003638
6.645	-0.0003621
6.650	-0.0003611
6.655	-0.0003596
6.660	-0.0003567
6.665	-0.0003520
6.670	-0.0003456
6.675	-0.0003381
6.680	-0.0003299
6.685	-0.0003215
6.690	-0.0003132
6.695	-0.0003053
6.700	-0.0002982
6.705	-0.0002918
6.710	-0.0002859
6.715	-0.0002796
6.720	-0.0002725
6.725	-0.0002640
6.730	-0.0002544
6.735	-0.0002441
6.740	-0.0002338
6.745	-0.0002241
6.750	-0.0002154
6.755	-0.0002078
6.760	-0.0002012
6.765	-0.0001957
6.770	-0.0001911
6.775	-0.0001875
6.780	-0.0001850
6.785	-0.0001836
6.790	-0.0001833
6.795	-0.0001842
6.800	-0.0001861
6.805	-0.0001887
6.810	-0.0001915
6.815	-0.0001943
6.820	-0.0001970
6.825	-0.0001996
6.830	-0.0002017
6.835	-0.0002030
6.840	-0.0002029
6.845	-0.0002013
6.850	-0.0001981
6.855	-0.0001932
6.860	-0.0001870
6.865	-0.0001794
6.870	-0.0001705
6.875	-0.0001605
6.880	-0.0001498
6.885	-0.0001391
6.890	-0.0001286
6.895	-0.0001185
6.900	-0.0001079
6.905	-0.0000959
6.910	-0.0000817
6.915	-0.0000647
6.920	-0.0000451
6.925	-0.0000236
6.930	-0.0000011
6.935	0.0000217
6.940	0.0000444
6.945	0.0000671
6.950	0.0000905
6.955	0.0001147
6.960	0.0001399
6.965	0.0001657
6.970	0.0001917
6.975	0.0002175
6.980	0.0002425
6.985	0.0002661
6.990	0.0002881
6.995	0.0003080
7.000	0.0003258
7.005	0.0003410
7.010	0.0003535
7.015	0.0003632
7.020	0.0003710
7.025	0.0003782
7.030	0.0003859
7.035	0.0003944
7.040	0.0004029
7.045	0.0004096
7.050	0.0004128
7.055	0.0004126
7.060	0.0004101
7.065	0.0004075
7.070	0.0004065
7.075	0.0004077
7.080	0.0004106
7.085	0.0004133
7.090	0.0004138
7.095	0.0004107
7.100	0.0004037
7.105	0.0003939
7.110	0.0003832
7.115	0.0003736
7.120	0.0003669
7.125	0.0003637
7.130	0.0003635
7.135	0.0003648
7.140	0.0003654
7.145	0.0003630
7.150	0.0003561
7.155	0.0003444
7.160	0.0003292
7.165	0.0003126
7.170	0.0002965
7.175	0.0002820
7.180	0.0002693
7.185	0.0002578
7.190	0.0002464
7.195	0.0002346
7.200	0.0002223
7.205	0.0002097
7.210	0.0001977
7.215	0.0001868
7.220	0.0001769
7.225	0.0001673
7.230	0.0001566
7.235	0.0001442
7.240	0.0001297
7.245	0.0001139
7.250	0.0000982
7.255	0.0000844
7.260	0.0000743
7.265	0.0000690
7.270	0.0000685
7.275	0.0000707
7.280	0.0000732
7.285	0.0000739
7.290	0.0000725
7.295	0.0000694
7.300	0.0000657
7.305	0.0000631
7.310	0.0000634
7.315	0.0000681
7.320	0.0000777
7.325	0.0000913
7.330	0.0001071
7.335	0.0001231
7.340	0.0001377
7.345	0.0001502
7.350	0.0001615
7.355	0.0001730
7.360	0.0001860
7.365	0.0002010
7.370	0.0002176
7.375	0.0002347
7.380	0.0002513
7.385	0.0002668
7.390	0.0002811
7.395	0.0002943
7.400	0.0003057
7.405	0.0003145
7.410	0.0003205
7.415	0.0003247
7.420	0.0003287
7.425	0.0003344
7.430	0.0003428
7.435	0.0003540
7.440	0.0003669
7.445	0.0003802
7.450	0.0003922
7.455	0.0004018
7.460	0.0004082
7.465	0.0004118
7.470	0.0004133
7.475	0.0004139
7.480	0.0004145
7.485	0.0004148
7.490	0.0004139
7.495	0.0004109
7.500	0.0004052
7.505	0.0003973
7.510	0.0003882
7.515	0.0003790
7.520	0.0003707
7.525	0.0003634
7.530	0.0003566
7.535	0.0003493
7.540	0.0003404
7.545	0.0003292
7.550	0.0003149
7.555	0.0002972
7.560	0.0002767
7.565	0.0002546
7.570	0.0002323
7.575	0.0002108
7.580	0.0001900
7.585	0.0001686
7.590	0.0001449
7.595	0.0001179
7.600	0.0000877
7.605	0.0000559
7.610	0.0000248
7.615	-0.0000037
7.620	-0.0000288
7.625	-0.0000514
7.630	-0.0000731
7.635	-0.0000958
7.640	-0.0001210
7.645	-0.0001489
7.650	-0.0001783
7.655	-0.0002075
7.660	-0.0002343
7.665	-0.0002574
7.670	-0.0002764
7.675	-0.0002925
7.680	-0.0003074
7.685	-0.0003225
7.690	-0.0003381
7.695	-0.0003528
7.700	-0.0003648
7.705	-0.0003718
7.710	-0.0003719
7.715	-0.0003633
7.720	-0.0003451
7.725	-0.0003178
7.730	-0.0002828
7.735	-0.0002427
7.740	-0.0002003
7.745	-0.0001580
7.750	-0.0001169
7.755	-0.0000770
7.760	-0.0000372
7.765	0.0000042
7.770	0.0000480
7.775	0.0000941
7.780	0.0001415
7.785	0.0001893
7.790	0.0002374
7.795	0.0002859
7.800	0.0003349
7.805	0.0003839
7.810	0.0004319
7.815	0.0004776
7.820	0.0005190
7.825	0.0005538
7.830	0.0005804
7.835	0.0005987
7.840	0.0006099
7.845	0.0006161
7.850	0.0006194
7.855	0.0006213
7.860	0.0006225
7.865	0.0006225
7.870	0.0006198
7.875	0.0006128
7.880	0.0006002
7.885	0.0005815
7.890	0.0005571
7.895	0.0005278
7.900	0.0004950
7.905	0.0004600
7.910	0.0004240
7.915	0.0003883
7.920	0.0003536
7.925	0.0003199
7.930	0.0002865
7.935	0.0002521
7.940	0.0002157
7.945	0.0001759
7.950	0.0001318
7.955	0.0000829
7.960	0.0000299
7.965	-0.0000260
7.970	-0.0000832
7.975	-0.0001399
7.980	-0.0001947
7.985	-0.0002470
7.990	-0.0002977
7.995	-0.0003480
8.000	-0.0003988
8.005	-0.0004502
8.010	-0.0005026
8.015	-0.0005563
8.020	-0.0006111
8.025	-0.0006649
8.030	-0.0007152
8.035	-0.0007605
8.040	-0.0008014
8.045	-0.0008395
8.050	-0.0008763
8.055	-0.0009122
8.060	-0.0009468
8.065	-0.0009802
8.070	-0.0010128
8.075	-0.0010446
8.080	-0.0010759
8.085	-0.0011076
8.090	-0.0011409
8.095	-0.0011765
8.100	-0.0012145
8.105	-0.0012544
8.110	-0.0012962
8.115	-0.0013396
8.120	-0.0013840
8.125	-0.0014284
8.130	-0.0014720
8.135	-0.0015146
8.140	-0.0015562
8.145	-0.0015971
8.150	-0.0016385
8.155	-0.0016812
8.160	-0.0017258
8.165	-0.0017734
8.170	-0.0018248
8.175	-0.0018798
8.180	-0.0019367
8.185	-0.0019929
8.190	-0.0020460
8.195	-0.0020942
8.200	-0.0021359
8.205	-0.0021704
8.210	-0.0021979
8.215	-0.0022192
8.220	-0.0022358
8.225	-0.0022486
8.230	-0.0022583
8.235	-0.0022651
8.240	-0.0022688
8.245	-0.0022687
8.250	-0.0022639
8.255	-0.0022553
8.260	-0.0022452
8.265	-0.0022371
8.270	-0.0022342
8.275	-0.0022373
8.280	-0.0022451
8.285	-0.0022541
8.290	-0.0022605
8.295	-0.0022617
8.300	-0.0022584
8.305	-0.0022537
8.310	-0.0022518
8.315	-0.0022558
8.320	-0.0022673
8.325	-0.0022862
8.330	-0.0023105
8.335	-0.0023364
8.340	-0.0023613
8.345	-0.0023857
8.350	-0.0024126
8.355	-0.0024460
8.360	-0.0024894
8.365	-0.0025439
8.370	-0.0026079
8.375	-0.0026781
8.380	-0.0027521
8.385	-0.0028301
8.390	-0.0029138
8.395	-0.0030052
8.400	-0.0031064
8.405	-0.0032184
8.410	-0.0033399
8.415	-0.0034677
8.420	-0.0035980
8.425	-0.0037277
8.430	-0.0038548
8.435	-0.0039783
8.440	-0.0040987
8.445	-0.0042181
8.450	-0.0043393
8.455	-0.0044642
8.460	-0.0045927
8.465	-0.0047236
8.470	-0.0048565
8.475	-0.0049928
8.480	-0.0051343
8.485	-0.0052818
8.490	-0.0054348
8.495	-0.0055918
8.500	-0.0057510
8.505	-0.0059101
8.510	-0.0060677
8.515	-0.0062240
8.520	-0.0063803
8.525	-0.0065380
8.530	-0.0066976
8.535	-0.0068585
8.540	-0.0070193
8.545	-0.0071787
8.550	-0.0073365
8.555	-0.0074926
8.560	-0.0076461
8.565	-0.0077960
8.570	-0.0079421
8.575	-0.0080856
8.580	-0.0082278
8.585	-0.0083688
8.590	-0.0085078
8.595	-0.0086432
8.600	-0.0087733
8.605	-0.0088975
8.610	-0.0090164
8.615	-0.0091309
8.620	-0.0092423
8.625	-0.0093510
8.630	-0.0094568
8.635	-0.0095593
8.640	-0.0096576
8.645	-0.0097506
8.650	-0.0098384
8.655	-0.0099220
8.660	-0.0100027
8.665	-0.0100807
8.670	-0.0101553
8.675	-0.0102248
8.680	-0.0102874
8.685	-0.0103422
8.690	-0.0103901
8.695	-0.0104344
8.700	-0.0104776
8.705	-0.0105205
8.710	-0.0105615
8.715	-0.0105985
8.720	-0.0106299
8.725	-0.0106549
8.730	-0.0106727
8.735	-0.0106834
8.740	-0.0106877
8.745	-0.0106863
8.750	-0.0106783
8.755	-0.0106616
8.760	-0.0106325
8.765	-0.0105870
8.770	-0.0105219
8.775	-0.0104359
8.780	-0.0103290
8.785	-0.0102027
8.790	-0.0100583
8.795	-0.0098971
8.800	-0.0097201
8.805	-0.0095285
8.810	-0.0093236
8.815	-0.0091069
8.820	-0.0088801
8.825	-0.0086451
8.830	-0.0084042
8.835	-0.0081595
8.840	-0.0079145
8.845	-0.0076758
8.850	-0.0074513
8.855	-0.0072466
8.860	-0.0070625
8.865	-0.0068973
8.870	-0.0067487
8.875	-0.0066150
8.880	-0.0064949
8.885	-0.0063882
8.890	-0.0062962
8.895	-0.0062205
8.900	-0.0061625
8.905	-0.0061241
8.910	-0.0061073
8.915	-0.0061144
8.920	-0.0061465
8.925	-0.0062029
8.930	-0.0062820
8.935	-0.0063820
8.940	-0.0065014
8.945	-0.0066393
8.950	-0.0067946
8.955	-0.0069650
8.960	-0.0071471
8.965	-0.0073364
8.970	-0.0075297
8.975	-0.0077244
8.980	-0.0079185
8.985	-0.0081091
8.990	-0.0082934
8.995	-0.0084689
9.000	-0.0086338
9.005	-0.0087880
9.010	-0.0089331
9.015	-0.0090726
9.020	-0.0092100
9.025	-0.0093486
9.030	-0.0094907
9.035	-0.0096387
9.040	-0.0097947
9.045	-0.0099603
9.050	-0.0101350
9.055	-0.0103171
9.060	-0.0105043
9.065	-0.0106948
9.070	-0.0108865
9.075	-0.0110768
9.080	-0.0112627
9.085	-0.0114401
9.090	-0.0116040
9.095	-0.0117488
9.100	-0.0118706
9.105	-0.0119681
9.110	-0.0120433
9.115	-0.0121009
9.120	-0.0121477
9.125	-0.0121917
9.130	-0.0122396
9.135	-0.0122968
9.140	-0.0123671
9.145	-0.0124526
9.150	-0.0125536
9.155	-0.0126694
9.160	-0.0128003
9.165	-0.0129483
9.170	-0.0131166
9.175	-0.0133085
9.180	-0.0135267
9.185	-0.0137736
9.190	-0.0140516
9.195	-0.0143615
9.200	-0.0147019
9.205	-0.0150691
9.210	-0.0154580
9.215	-0.0158630
9.220	-0.0162771
9.225	-0.0166921
9.230	-0.0171002
9.235	-0.0174940
9.240	-0.0178675
9.245	-0.0182168
9.250	-0.0185413
9.255	-0.0188420
9.260	-0.0191207
9.265	-0.0193792
9.270	-0.0196200
9.275	-0.0198455
9.280	-0.0200577
9.285	-0.0202583
9.290	-0.0204485
9.295	-0.0206292
9.300	-0.0208010
9.305	-0.0209635
9.310	-0.0211163
9.315	-0.0212593
9.320	-0.0213950
9.325	-0.0215283
9.330	-0.0216656
9.335	-0.0218120
9.340	-0.0219701
9.345	-0.0221412
9.350	-0.0223250
9.355	-0.0225200
9.360	-0.0227232
9.365	-0.0229297
9.370	-0.0231337
9.375	-0.0233296
9.380	-0.0235153
9.385	-0.0236927
9.390	-0.0238668
9.395	-0.0240431
9.400	-0.0242249
9.405	-0.0244136
9.410	-0.0246096
9.415	-0.0248124
9.420	-0.0250214
9.425	-0.0252358
9.430	-0.0254562
9.435	-0.0256839
9.440	-0.0259203
9.445	-0.0261664
9.450	-0.0264215
9.455	-0.0266833
9.460	-0.0269480
9.465	-0.0272114
9.470	-0.0274714
9.475	-0.0277283
9.480	-0.0279849
9.485	-0.0282446
9.490	-0.0285095
9.495	-0.0287788
9.500	-0.0290497
9.505	-0.0293188
9.510	-0.0295852
9.515	-0.0298522
9.520	-0.0301254
9.525	-0.0304096
9.530	-0.0307073
9.535	-0.0310185
9.540	-0.0313427
9.545	-0.0316809
9.550	-0.0320353
9.555	-0.0324093
9.560	-0.0328065
9.565	-0.0332304
9.570	-0.0336837
9.575	-0.0341693
9.580	-0.0346898
9.585	-0.0352475
9.590	-0.0358433
9.595	-0.0364757
9.600	-0.0371425
9.605	-0.0378413
9.610	-0.0385697
9.615	-0.0393257
9.620	-0.0401079
9.625	-0.0409158
9.630	-0.0417494
9.635	-0.0426082
9.640	-0.0434888
9.645	-0.0443848
9.650	-0.0452871
9.655	-0.0461858
9.660	-0.0470714
9.665	-0.0479367
9.670	-0.0487769
9.675	-0.0495891
9.680	-0.0503714
9.685	-0.0511219
9.690	-0.0518395
9.695	-0.0525239
9.700	-0.0531757
9.705	-0.0537963
9.710	-0.0543872
9.715	-0.0549516
9.720	-0.0554941
9.725	-0.0560196
9.730	-0.0565311
9.735	-0.0570302
9.740	-0.0575171
9.745	-0.0579917
9.750	-0.0584532
9.755	-0.0589004
9.760	-0.0593322
9.765	-0.0597482
9.770	-0.0601490
9.775	-0.0605350
9.780	-0.0609053
9.785	-0.0612575
9.790	-0.0615881
9.795	-0.0618932
9.800	-0.0621694
9.805	-0.0624132
9.810	-0.0626214
9.815	-0.0627906
9.820	-0.0629176
9.825	-0.0629998
9.830	-0.0630357
9.835	-0.0630250
9.840	-0.0629690
9.845	-0.0628690
9.850	-0.0627261
9.855	-0.0625408
9.860	-0.0623129
9.865	-0.0620426
9.870	-0.0617310
9.875	-0.0613797
9.880	-0.0609909
9.885	-0.0605666
9.890	-0.0601089
9.895	-0.0596192
9.900	-0.0590988
9.905	-0.0585477
9.910	-0.0579650
9.915	-0.0573493
9.920	-0.0566990
9.925	-0.0560134
9.930	-0.0552927
9.935	-0.0545387
9.940	-0.0537540
9.945	-0.0529418
9.950	-0.0521050
9.955	-0.0512462
9.960	-0.0503674
9.965	-0.0494695
9.970	-0.0485527
9.975	-0.0476162
9.980	-0.0466587
9.985	-0.0456783
9.990	-0.0446736
9.995	-0.0436430
10.000	-0.0425863
10.005	-0.0415036
10.010	-0.0403952
10.015	-0.0392610
10.020	-0.0381003
10.025	-0.0369128
10.030	-0.0356985
10.035	-0.0344579
10.040	-0.0331915
10.045	-0.0318998
10.050	-0.0305838
10.055	-0.0292441
10.060	-0.0278803
10.065	-0.0264908
10.070	-0.0250739
10.075	-0.0236280
10.080	-0.0221523
10.085	-0.0206447
10.090	-0.0191025
10.095	-0.0175224
10.100	-0.0159015
10.105	-0.0142379
10.110	-0.0125309
10.115	-0.0107815
10.120	-0.0089924
10.125	-0.0071673
10.130	-0.0053095
10.135	-0.0034218
10.140	-0.0015068
10.145	0.0004330
10.150	0.0023952
10.155	0.0043784
10.160	0.0063818
10.165	0.0084057
10.170	0.0104503
10.175	0.0125164
10.180	0.0146053
10.185	0.0167177
10.190	0.0188537
10.195	0.0210135
10.200	0.0231974
10.205	0.0254064
10.210	0.0276417
10.215	0.0299033
10.220	0.0321880
10.225	0.0344902
10.230	0.0368029
10.235	0.0391196
10.240	0.0414343
10.245	0.0437409
10.250	0.0460332
10.255	0.0483054
10.260	0.0505527
10.265	0.0527708
10.270	0.0549553
10.275	0.0571012
10.280	0.0592039
10.285	0.0612601
10.290	0.0632677
10.295	0.0652247
10.300	0.0671283
10.305	0.0689757
10.310	0.0707646
10.315	0.0724939
10.320	0.0741641
10.325	0.0757776
10.330	0.0773373
10.335	0.0788456
10.340	0.0803044
10.345	0.0817159
10.350	0.0830827
10.355	0.0844078
10.360	0.0856935
10.365	0.0869418
10.370	0.0881541
10.375	0.0893314
10.380	0.0904742
10.385	0.0915821
10.390	0.0926544
10.395	0.0936901
10.400	0.0946875
10.405	0.0956445
10.410	0.0965587
10.415	0.0974279
10.420	0.0982504
10.425	0.0990248
10.430	0.0997498
10.435	0.1004231
10.440	0.1010420
10.445	0.1016031
10.450	0.1021033
10.455	0.1025406
10.460	0.1029138
10.465	0.1032223
10.470	0.1034661
10.475	0.1036455
10.480	0.1037608
10.485	0.1038127
10.490	0.1038019
10.495	0.1037291
10.500	0.1035946
10.505	0.1033985
10.510	0.1031409
10.515	0.1028227
10.520	0.1024456
10.525	0.1020125
10.530	0.1015267
10.535	0.1009911
10.540	0.1004070
10.545	0.0997742
10.550	0.0990917
10.555	0.0983589
10.560	0.0975759
10.565	0.0967427
10.570	0.0958586
10.575	0.0949225
10.580	0.0939332
10.585	0.0928901
10.590	0.0917931
10.595	0.0906429
10.600	0.0894417
10.605	0.0881936
10.610	0.0869044
10.615	0.0855816
10.620	0.0842328
10.625	0.0828655
10.630	0.0814872
10.635	0.0801054
10.640	0.0787272
10.645	0.0773592
10.650	0.0760067
10.655	0.0746737
10.660	0.0733632
10.665	0.0720781
10.670	0.0708212
10.675	0.0695964
10.680	0.0684080
10.685	0.0672601
10.690	0.0661560
10.695	0.0650983
10.700	0.0640887
10.705	0.0631280
10.710	0.0622151
10.715	0.0613476
10.720	0.0605222
10.725	0.0597361
10.730	0.0589875
10.735	0.0582751
10.740	0.0575985
10.745	0.0569570
10.750	0.0563497
10.755	0.0557753
10.760	0.0552316
10.765	0.0547157
10.770	0.0542240
10.775	0.0537535
10.780	0.0533011
10.785	0.0528635
10.790	0.0524369
10.795	0.0520170
10.800	0.0515993
10.805	0.0511796
10.810	0.0507536
10.815	0.0503169
10.820	0.0498656
10.825	0.0493965
10.830	0.0489065
10.835	0.0483936
10.840	0.0478557
10.845	0.0472918
10.850	0.0467009
10.855	0.0460830
10.860	0.0454391
10.865	0.0447709
10.870	0.0440811
10.875	0.0433735
10.880	0.0426528
10.885	0.0419242
10.890	0.0411933
10.895	0.0404661
10.900	0.0397482
10.905	0.0390441
10.910	0.0383580
10.915	0.0376942
10.920	0.0370571
10.925	0.0364510
10.930	0.0358784
10.935	0.0353406
10.940	0.0348379
10.945	0.0343707
10.950	0.0339390
10.955	0.0335425
10.960	0.0331799
10.965	0.0328489
10.970	0.0325463
10.975	0.0322670
10.980	0.0320044
10.985	0.0317505
10.990	0.0314966
10.995	0.0312351
11.000	0.0309597
11.005	0.0306646
11.010	0.0303438
11.015	0.0299917
11.020	0.0296041
11.025	0.0291786
11.030	0.0287141
11.035	0.0282098
11.040	0.0276648
11.045	0.0270786
11.050	0.0264506
11.055	0.0257805
11.060	0.0250685
11.065	0.0243143
11.070	0.0235177
11.075	0.0226777
11.080	0.0217928
11.085	0.0208610
11.090	0.0198802
11.095	0.0188484
11.100	0.0177634
11.105	0.0166222
11.110	0.0154216
11.115	0.0141583
11.120	0.0128304
11.125	0.0114382
11.130	0.0099857
11.135	0.0084811
11.140	0.0069354
11.145	0.0053603
11.150	0.0037668
11.155	0.0021636
11.160	0.0005580
11.165	-0.0010438
11.170	-0.0026360
11.175	-0.0042126
11.180	-0.0057681
11.185	-0.0072980
11.190	-0.0087988
11.195	-0.0102666
11.200	-0.0116959
11.205	-0.0130813
11.210	-0.0144183
11.215	-0.0157038
11.220	-0.0169360
11.225	-0.0181135
11.230	-0.0192363
11.235	-0.0203056
11.240	-0.0213241
11.245	-0.0222957
11.250	-0.0232249
11.255	-0.0241162
11.260	-0.0249743
11.265	-0.0258040
11.270	-0.0266105
11.275	-0.0273993
11.280	-0.0281754
11.285	-0.0289437
11.290	-0.0297090
11.295	-0.0304769
11.300	-0.0312520
11.305	-0.0320371
11.310	-0.0328316
11.315	-0.0336328
11.320	-0.0344365
11.325	-0.0352376
11.330	-0.0360312
11.335	-0.0368120
11.340	-0.0375758
11.345	-0.0383185
11.350	-0.0390364
11.355	-0.0397261
11.360	-0.0403848
11.365	-0.0410117
11.370	-0.0416069
11.375	-0.0421706
11.380	-0.0427023
11.385	-0.0432005
11.390	-0.0436636
11.395	-0.0440911
11.400	-0.0444825
11.405	-0.0448374
11.410	-0.0451554
11.415	-0.0454363
11.420	-0.0456804
11.425	-0.0458879
11.430	-0.0460592
11.435	-0.0461941
11.440	-0.0462916
11.445	-0.0463504
11.450	-0.0463688
11.455	-0.0463452
11.460	-0.0462779
11.465	-0.0461650
11.470	-0.0460049
11.475	-0.0457959
11.480	-0.0455363
11.485	-0.0452245
11.490	-0.0448594
11.495	-0.0444414
11.500	-0.0439735
11.505	-0.0434611
11.510	-0.0429113
11.515	-0.0423319
11.520	-0.0417303
11.525	-0.0411138
11.530	-0.0404888
11.535	-0.0398618
11.540	-0.0392383
11.545	-0.0386224
11.550	-0.0380170
11.555	-0.0374251
11.560	-0.0368511
11.565	-0.0362990
11.570	-0.0357705
11.575	-0.0352639
11.580	-0.0347756
11.585	-0.0343022
11.590	-0.0338413
11.595	-0.0333917
11.600	-0.0329527
11.605	-0.0325238
11.610	-0.0321037
11.615	-0.0316904
11.620	-0.0312815
11.625	-0.0308740
11.630	-0.0304651
11.635	-0.0300510
11.640	-0.0296280
11.645	-0.0291923
11.650	-0.0287412
11.655	-0.0282726
11.660	-0.0277849
11.665	-0.0272773
11.670	-0.0267495
11.675	-0.0262022
11.680	-0.0256378
11.685	-0.0250599
11.690	-0.0244738
11.695	-0.0238847
11.700	-0.0232975
11.705	-0.0227160
11.710	-0.0221443
11.715	-0.0215871
11.720	-0.0210495
11.725	-0.0205341
11.730	-0.0200409
11.735	-0.0195671
11.740	-0.0191086
11.745	-0.0186615
11.750	-0.0182225
11.755	-0.0177895
11.760	-0.0173606
11.765	-0.0169351
11.770	-0.0165121
11.775	-0.0160908
11.780	-0.0156698
11.785	-0.0152464
11.790	-0.0148178
11.795	-0.0143806
11.800	-0.0139321
11.805	-0.0134706
11.810	-0.0129955
11.815	-0.0125074
11.820	-0.0120074
11.825	-0.0114971
11.830	-0.0109781
11.835	-0.0104520
11.840	-0.0099196
11.845	-0.0093810
11.850	-0.0088369
11.855	-0.0082893
11.860	-0.0077410
11.865	-0.0071952
11.870	-0.0066551
11.875	-0.0061240
11.880	-0.0056056
11.885	-0.0051033
11.890	-0.0046197
11.895	-0.0041562
11.900	-0.0037132
11.905	-0.0032902
11.910	-0.0028867
11.915	-0.0025015
11.920	-0.0021336
11.925	-0.0017814
11.930	-0.0014431
11.935	-0.0011170
11.940	-0.0008011
11.945	-0.0004934
11.950	-0.0001916
11.955	0.0001070
11.960	0.0004045
11.965	0.0007029
11.970	0.0010035
11.975	0.0013079
11.980	0.0016173
11.985	0.0019335
11.990	0.0022576
11.995	0.0025901
12.000	0.0029307
12.005	0.0032779
12.010	0.0036293
12.015	0.0039818
12.020	0.0043322
12.025	0.0046770
12.030	0.0050131
12.035	0.0053379
12.040	0.0056498
12.045	0.0059482
12.050	0.0062341
12.055	0.0065112
12.060	0.0067856
12.065	0.0070643
12.070	0.0073536
12.075	0.0076578
12.080	0.0079790
12.085	0.0083180
12.090	0.0086746
12.095	0.0090478
12.100	0.0094359
12.105	0.0098366
12.110	0.0102470
12.115	0.0106638
12.120	0.0110839
12.125	0.0115043
12.130	0.0119224
12.135	0.0123367
12.140	0.0127466
12.145	0.0131520
12.150	0.0135526
12.155	0.0139469
12.160	0.0143327
12.165	0.0147070
12.170	0.0150672
12.175	0.0154114
12.180	0.0157389
12.185	0.0160497
12.190	0.0163448
12.195	0.0166252
12.200	0.0168927
12.205	0.0171486
12.210	0.0173949
12.215	0.0176330
12.220	0.0178643
12.225	0.0180892
12.230	0.0183083
12.235	0.0185224
12.240	0.0187330
12.245	0.0189415
12.250	0.0191489
12.255	0.0193549
12.260	0.0195588
12.265	0.0197586
12.270	0.0199519
12.275	0.0201360
12.280	0.0203084
12.285	0.0204663
12.290	0.0206076
12.295	0.0207303
12.300	0.0208326
12.305	0.0209136
12.310	0.0209730
12.315	0.0210108
12.320	0.0210275
12.325	0.0210239
12.330	0.0210008
12.335	0.0209594
12.340	0.0209009
12.345	0.0208272
12.350	0.0207410
12.355	0.0206460
12.360	0.0205465
12.365	0.0204479
12.370	0.0203561
12.375	0.0202775
12.380	0.0202177
12.385	0.0201815
12.390	0.0201720
12.395	0.0201912
12.400	0.0202405
12.405	0.0203205
12.410	0.0204318
12.415	0.0205748
12.420	0.0207488
12.425	0.0209521
12.430	0.0211817
12.435	0.0214339
12.440	0.0217046
12.445	0.0219904
12.450	0.0222886
12.455	0.0225973
12.460	0.0229152
12.465	0.0232402
12.470	0.0235697
12.475	0.0239010
12.480	0.0242312
12.485	0.0245574
12.490	0.0248761
12.495	0.0251839
12.500	0.0254775
12.505	0.0257540
12.510	0.0260107
12.515	0.0262456
12.520	0.0264572
12.525	0.0266452
12.530	0.0268097
12.535	0.0269514
12.540	0.0270711
12.545	0.0271695
12.550	0.0272471
12.555	0.0273042
12.560	0.0273408
12.565	0.0273567
12.570	0.0273511
12.575	0.0273232
12.580	0.0272720
12.585	0.0271965
12.590	0.0270956
12.595	0.0269681
12.600	0.0268129
12.605	0.0266290
12.610	0.0264159
12.615	0.0261744
12.620	0.0259080
12.625	0.0256232
12.630	0.0253287
12.635	0.0250329
12.640	0.0247423
12.645	0.0244610
12.650	0.0241911
12.655	0.0239333
12.660	0.0236865
12.665	0.0234485
12.670	0.0232162
12.675	0.0229866
12.680	0.0227572
12.685	0.0225267
12.690	0.0222944
12.695	0.0220610
12.700	0.0218271
12.705	0.0215927
12.710	0.0213563
12.715	0.0211148
12.720	0.0208643
12.725	0.0206011
12.730	0.0203218
12.735	0.0200244
12.740	0.0197073
12.745	0.0193698
12.750	0.0190119
12.755	0.0186345
12.760	0.0182398
12.765	0.0178309
12.770	0.0174121
12.775	0.0169889
12.780	0.0165674
12.785	0.0161529
12.790	0.0157489
12.795	0.0153568
12.800	0.0149772
12.805	0.0146107
12.810	0.0142576
12.815	0.0139172
12.820	0.0135879
12.825	0.0132676
12.830	0.0129546
12.835	0.0126483
12.840	0.0123487
12.845	0.0120558
12.850	0.0117701
12.855	0.0114919
12.860	0.0112206
12.865	0.0109544
12.870	0.0106910
12.875	0.0104285
12.880	0.0101658
12.885	0.0099025
12.890	0.0096382
12.895	0.0093723
12.900	0.0091040
12.905	0.0088325
12.910	0.0085572
12.915	0.0082781
12.920	0.0079950
12.925	0.0077073
12.930	0.0074144
12.935	0.0071156
12.940	0.0068102
12.945	0.0064973
12.950	0.0061759
12.955	0.0058452
12.960	0.0055040
12.965	0.0051509
12.970	0.0047846
12.975	0.0044046
12.980	0.0040111
12.985	0.0036055
12.990	0.0031902
12.995	0.0027677
13.000	0.0023401
13.005	0.0019084
13.010	0.0014730
13.015	0.0010334
13.020	0.0005888
13.025	0.0001380
13.030	-0.0003194
13.035	-0.0007836
13.040	-0.0012540
13.045	-0.0017294
13.050	-0.0022080
13.055	-0.0026878
13.060	-0.0031664
13.065	-0.0036414
13.070	-0.0041106
13.075	-0.0045722
13.080	-0.0050249
13.085	-0.0054680
13.090	-0.0059004
13.095	-0.0063206
13.100	-0.0067271
13.105	-0.0071180
13.110	-0.0074914
13.115	-0.0078459
13.120	-0.0081800
13.125	-0.0084934
13.130	-0.0087856
13.135	-0.0090565
13.140	-0.0093055
13.145	-0.0095320
13.150	-0.0097353
13.155	-0.0099146
13.160	-0.0100697
13.165	-0.0102003
13.170	-0.0103069
13.175	-0.0103904
13.180	-0.0104524
13.185	-0.0104951
13.190	-0.0105217
13.195	-0.0105360
13.200	-0.0105421
13.205	-0.0105435
13.210	-0.0105428
13.215	-0.0105421
13.220	-0.0105436
13.225	-0.0105497
13.230	-0.0105616
13.235	-0.0105801
13.240	-0.0106047
13.245	-0.0106349
13.250	-0.0106699
13.255	-0.0107089
13.260	-0.0107513
13.265	-0.0107966
13.270	-0.0108444
13.275	-0.0108946
13.280	-0.0109475
13.285	-0.0110035
13.290	-0.0110637
13.295	-0.0111292
13.300	-0.0112015
13.305	-0.0112828
13.310	-0.0113751
13.315	-0.0114811
13.320	-0.0116033
13.325	-0.0117444
13.330	-0.0119070
13.335	-0.0120931
13.340	-0.0123046
13.345	-0.0125427
13.350	-0.0128071
13.355	-0.0130953
13.360	-0.0134027
13.365	-0.0137230
13.370	-0.0140498
13.375	-0.0143780
13.380	-0.0147039
13.385	-0.0150252
13.390	-0.0153409
13.395	-0.0156514
13.400	-0.0159573
13.405	-0.0162582
13.410	-0.0165522
13.415	-0.0168363
13.420	-0.0171084
13.425	-0.0173668
13.430	-0.0176099
13.435	-0.0178366
13.440	-0.0180462
13.445	-0.0182391
13.450	-0.0184168
13.455	-0.0185809
13.460	-0.0187321
13.465	-0.0188700
13.470	-0.0189936
13.475	-0.0191026
13.480	-0.0191970
13.485	-0.0192768
13.490	-0.0193419
13.495	-0.0193924
13.500	-0.0194286
13.505	-0.0194516
13.510	-0.0194627
13.515	-0.0194643
13.520	-0.0194596
13.525	-0.0194522
13.530	-0.0194452
13.535	-0.0194413
13.540	-0.0194420
13.545	-0.0194486
13.550	-0.0194619
13.555	-0.0194825
13.560	-0.0195109
13.565	-0.0195471
13.570	-0.0195912
13.575	-0.0196432
13.580	-0.0197033
13.585	-0.0197717
13.590	-0.0198484
13.595	-0.0199333
13.600	-0.0200264
13.605	-0.0201272
13.610	-0.0202350
13.615	-0.0203484
13.620	-0.0204657
13.625	-0.0205847
13.630	-0.0207032
13.635	-0.0208196
13.640	-0.0209321
13.645	-0.0210392
13.650	-0.0211391
13.655	-0.0212294
13.660	-0.0213080
13.665	-0.0213731
13.670	-0.0214236
13.675	-0.0214589
13.680	-0.0214789
13.685	-0.0214842
13.690	-0.0214758
13.695	-0.0214556
13.700	-0.0214257
13.705	-0.0213881
13.710	-0.0213446
13.715	-0.0212966
13.720	-0.0212447
13.725	-0.0211891
13.730	-0.0211300
13.735	-0.0210673
13.740	-0.0210014
13.745	-0.0209329
13.750	-0.0208627
13.755	-0.0207915
13.760	-0.0207201
13.765	-0.0206487
13.770	-0.0205771
13.775	-0.0205048
13.780	-0.0204305
13.785	-0.0203533
13.790	-0.0202720
13.795	-0.0201862
13.800	-0.0200955
13.805	-0.0200003
13.810	-0.0199011
13.815	-0.0197983
13.820	-0.0196922
13.825	-0.0195825
13.830	-0.0194686
13.835	-0.0193493
13.840	-0.0192238
13.845	-0.0190914
13.850	-0.0189519
13.855	-0.0188055
13.860	-0.0186531
13.865	-0.0184960
13.870	-0.0183358
13.875	-0.0181744
13.880	-0.0180136
13.885	-0.0178550
13.890	-0.0176997
13.895	-0.0175485
13.900	-0.0174016
13.905	-0.0172587
13.910	-0.0171190
13.915	-0.0169814
13.920	-0.0168448
13.925	-0.0167080
13.930	-0.0165697
13.935	-0.0164280
13.940	-0.0162812
13.945	-0.0161275
13.950	-0.0159659
13.955	-0.0157962
13.960	-0.0156192
13.965	-0.0154367
13.970	-0.0152506
13.975	-0.0150631
13.980	-0.0148759
13.985	-0.0146902
13.990	-0.0145067
13.995	-0.0143258
14.000	-0.0141474
14.005	-0.0139715
14.010	-0.0137981
14.015	-0.0136278
14.020	-0.0134614
14.025	-0.0132998
14.030	-0.0131438
14.035	-0.0129939
14.040	-0.0128506
14.045	-0.0127144
14.050	-0.0125855
14.055	-0.0124643
14.060	-0.0123512
14.065	-0.0122470
14.070	-0.0121526
14.075	-0.0120695
14.080	-0.0119991
14.085	-0.0119428
14.090	-0.0119012
14.095	-0.0118742
14.100	-0.0118607
14.105	-0.0118587
14.110	-0.0118662
14.115	-0.0118808
14.120	-0.0119003
14.125	-0.0119229
14.130	-0.0119470
14.135	-0.0119718
14.140	-0.0119966
14.145	-0.0120205
14.150	-0.0120424
14.155	-0.0120607
14.160	-0.0120734
14.165	-0.0120783
14.170	-0.0120731
14.175	-0.0120561
14.180	-0.0120261
14.185	-0.0119826
14.190	-0.0119260
14.195	-0.0118573
14.200	-0.0117779
14.205	-0.0116891
14.210	-0.0115925
14.215	-0.0114897
14.220	-0.0113827
14.225	-0.0112739
14.230	-0.0111660
14.235	-0.0110618
14.240	-0.0109638
14.245	-0.0108744
14.250	-0.0107957
14.255	-0.0107290
14.260	-0.0106747
14.265	-0.0106327
14.270	-0.0106018
14.275	-0.0105805
14.280	-0.0105670
14.285	-0.0105596
14.290	-0.0105572
14.295	-0.0105588
14.300	-0.0105635
14.305	-0.0105706
14.310	-0.0105791
14.315	-0.0105877
14.320	-0.0105949
14.325	-0.0105991
14.330	-0.0105988
14.335	-0.0105930
14.340	-0.0105811
14.345	-0.0105634
14.350	-0.0105405
14.355	-0.0105134
14.360	-0.0104832
14.365	-0.0104504
14.370	-0.0104149
14.375	-0.0103761
14.380	-0.0103331
14.385	-0.0102849
14.390	-0.0102309
14.395	-0.0101707
14.400	-0.0101045
14.405	-0.0100332
14.410	-0.0099580
14.415	-0.0098805
14.420	-0.0098028
14.425	-0.0097266
14.430	-0.0096536
14.435	-0.0095843
14.440	-0.0095190
14.445	-0.0094574
14.450	-0.0093988
14.455	-0.0093422
14.460	-0.0092862
14.465	-0.0092294
14.470	-0.0091709
14.475	-0.0091097
14.480	-0.0090458
14.485	-0.0089797
14.490	-0.0089126
14.495	-0.0088465
14.500	-0.0087837
14.505	-0.0087266
14.510	-0.0086769
14.515	-0.0086353
14.520	-0.0086016
14.525	-0.0085745
14.530	-0.0085516
14.535	-0.0085298
14.540	-0.0085062
14.545	-0.0084781
14.550	-0.0084442
14.555	-0.0084036
14.560	-0.0083564
14.565	-0.0083027
14.570	-0.0082434
14.575	-0.0081794
14.580	-0.0081123
14.585	-0.0080439
14.590	-0.0079761
14.595	-0.0079107
14.600	-0.0078492
14.605	-0.0077931
14.610	-0.0077434
14.615	-0.0077012
14.620	-0.0076673
14.625	-0.0076425
14.630	-0.0076271
14.635	-0.0076211
14.640	-0.0076236
14.645	-0.0076337
14.650	-0.0076502
14.655	-0.0076719
14.660	-0.0076979
14.665	-0.0077275
14.670	-0.0077602
14.675	-0.0077954
14.680	-0.0078321
14.685	-0.0078690
14.690	-0.0079038
14.695	-0.0079334
14.700	-0.0079544
14.705	-0.0079635
14.710	-0.0079582
14.715	-0.0079369
14.720	-0.0078997
14.725	-0.0078476
14.730	-0.0077831
14.735	-0.0077093
14.740	-0.0076301
14.745	-0.0075495
14.750	-0.0074712
14.755	-0.0073983
14.760	-0.0073332
14.765	-0.0072774
14.770	-0.0072318
14.775	-0.0071961
14.780	-0.0071696
14.785	-0.0071511
14.790	-0.0071391
14.795	-0.0071322
14.800	-0.0071288
14.805	-0.0071277
14.810	-0.0071278
14.815	-0.0071284
14.820	-0.0071288
14.825	-0.0071283
14.830	-0.0071257
14.835	-0.0071196
14.840	-0.0071084
14.845	-0.0070909
14.850	-0.0070662
14.855	-0.0070337
14.860	-0.0069933
14.865	-0.0069452
14.870	-0.0068898
14.875	-0.0068280
14.880	-0.0067610
14.885	-0.0066905
14.890	-0.0066187
14.895	-0.0065479
14.900	-0.0064803
14.905	-0.0064177
14.910	-0.0063614
14.915	-0.0063121
14.920	-0.0062705
14.925	-0.0062374
14.930	-0.0062142
14.935	-0.0062024
14.940	-0.0062033
14.945	-0.0062177
14.950	-0.0062462
14.955	-0.0062887
14.960	-0.0063447
14.965	-0.0064135
14.970	-0.0064937
14.975	-0.0065840
14.980	-0.0066828
14.985	-0.0067888
14.990	-0.0069008
14.995	-0.0070178
15.000	-0.0071389
15.005	-0.0072637
15.010	-0.0073918
15.015	-0.0075224
15.020	-0.0076547
15.025	-0.0077877
15.030	-0.0079201
15.035	-0.0080506
15.040	-0.0081782
15.045	-0.0083016
15.050	-0.0084201
15.055	-0.0085327
15.060	-0.0086384
15.065	-0.0087361
15.070	-0.0088249
15.075	-0.0089037
15.080	-0.0089716
15.085	-0.0090275
15.090	-0.0090705
15.095	-0.0091000
15.100	-0.0091157
15.105	-0.0091180
15.110	-0.0091074
15.115	-0.0090845
15.120	-0.0090503
15.125	-0.0090058
15.130	-0.0089521
15.135	-0.0088903
15.140	-0.0088218
15.145	-0.0087481
15.150	-0.0086706
15.155	-0.0085907
15.160	-0.0085097
15.165	-0.0084290
15.170	-0.0083503
15.175	-0.0082757
15.180	-0.0082075
15.185	-0.0081479
15.190	-0.0080992
15.195	-0.0080627
15.200	-0.0080395
15.205	-0.0080301
15.210	-0.0080348
15.215	-0.0080534
15.220	-0.0080853
15.225	-0.0081302
15.230	-0.0081876
15.235	-0.0082573
15.240	-0.0083388
15.245	-0.0084314
15.250	-0.0085340
15.255	-0.0086448
15.260	-0.0087613
15.265	-0.0088809
15.270	-0.0090006
15.275	-0.0091179
15.280	-0.0092305
15.285	-0.0093366
15.290	-0.0094349
15.295	-0.0095239
15.300	-0.0096021
15.305	-0.0096679
15.310	-0.0097193
15.315	-0.0097544
15.320	-0.0097715
15.325	-0.0097689
15.330	-0.0097453
15.335	-0.0096996
15.340	-0.0096310
15.345	-0.0095395
15.350	-0.0094254
15.355	-0.0092894
15.360	-0.0091327
15.365	-0.0089567
15.370	-0.0087628
15.375	-0.0085528
15.380	-0.0083285
15.385	-0.0080921
15.390	-0.0078460
15.395	-0.0075925
15.400	-0.0073343
15.405	-0.0070736
15.410	-0.0068122
15.415	-0.0065511
15.420	-0.0062910
15.425	-0.0060317
15.430	-0.0057725
15.435	-0.0055123
15.440	-0.0052498
15.445	-0.0049838
15.450	-0.0047131
15.455	-0.0044367
15.460	-0.0041537
15.465	-0.0038638
15.470	-0.0035668
15.475	-0.0032630
15.480	-0.0029532
15.485	-0.0026383
15.490	-0.0023195
15.495	-0.0019979
15.500	-0.0016746
15.505	-0.0013508
15.510	-0.0010274
15.515	-0.0007053
15.520	-0.0003844
15.525	-0.0000650
15.530	0.0002533
15.535	0.0005704
15.540	0.0008863
15.545	0.0012006
15.550	0.0015127
15.555	0.0018218
15.560	0.0021271
15.565	0.0024278
15.570	0.0027234
15.575	0.0030140
15.580	0.0032997
15.585	0.0035814
15.590	0.0038600
15.595	0.0041369
15.600	0.0044135
15.605	0.0046911
15.610	0.0049709
15.615	0.0052533
15.620	0.0055386
15.625	0.0058263
15.630	0.0061158
15.635	0.0064059
15.640	0.0066957
15.645	0.0069838
15.650	0.0072689
15.655	0.0075499
15.660	0.0078255
15.665	0.0080942
15.670	0.0083548
15.675	0.0086060
15.680	0.0088468
15.685	0.0090764
15.690	0.0092945
15.695	0.0095016
15.700	0.0096986
15.705	0.0098872
15.710	0.0100689
15.715	0.0102453
15.720	0.0104176
15.725	0.0105867
15.730	0.0107535
15.735	0.0109187
15.740	0.0110829
15.745	0.0112469
15.750	0.0114116
15.755	0.0115777
15.760	0.0117458
15.765	0.0119164
15.770	0.0120897
15.775	0.0122659
15.780	0.0124445
15.785	0.0126248
15.790	0.0128054
15.795	0.0129845
15.800	0.0131607
15.805	0.0133322
15.810	0.0134978
15.815	0.0136569
15.820	0.0138089
15.825	0.0139539
15.830	0.0140925
15.835	0.0142254
15.840	0.0143539
15.845	0.0144792
15.850	0.0146033
15.855	0.0147276
15.860	0.0148538
15.865	0.0149832
15.870	0.0151170
15.875	0.0152559
15.880	0.0154005
15.885	0.0155514
15.890	0.0157088
15.895	0.0158729
15.900	0.0160434
15.905	0.0162193
15.910	0.0163995
15.915	0.0165825
15.920	0.0167666
15.925	0.0169500
15.930	0.0171308
15.935	0.0173070
15.940	0.0174763
15.945	0.0176362
15.950	0.0177846
15.955	0.0179193
15.960	0.0180389
15.965	0.0181425
15.970	0.0182293
15.975	0.0182992
15.980	0.0183522
15.985	0.0183886
15.990	0.0184093
15.995	0.0184150
16.000	0.0184072
16.005	0.0183870
16.010	0.0183561
16.015	0.0183161
16.020	0.0182686
16.025	0.0182153
16.030	0.0181580
16.035	0.0180979
16.040	0.0180363
16.045	0.0179744
16.050	0.0179129
16.055	0.0178520
16.060	0.0177919
16.065	0.0177317
16.070	0.0176705
16.075	0.0176069
16.080	0.0175391
16.085	0.0174656
16.090	0.0173845
16.095	0.0172942
16.100	0.0171931
16.105	0.0170798
16.110	0.0169532
16.115	0.0168127
16.120	0.0166578
16.125	0.0164884
16.130	0.0163048
16.135	0.0161076
16.140	0.0158974
16.145	0.0156751
16.150	0.0154418
16.155	0.0151987
16.160	0.0149471
16.165	0.0146884
16.170	0.0144238
16.175	0.0141546
16.180	0.0138814
16.185	0.0136049
16.190	0.0133256
16.195	0.0130437
16.200	0.0127598
16.205	0.0124745
16.210	0.0121881
16.215	0.0119011
16.220	0.0116140
16.225	0.0113270
16.230	0.0110404
16.235	0.0107542
16.240	0.0104686
16.245	0.0101834
16.250	0.0098988
16.255	0.0096152
16.260	0.0093332
16.265	0.0090535
16.270	0.0087773
16.275	0.0085057
16.280	0.0082395
16.285	0.0079800
16.290	0.0077279
16.295	0.0074839
16.300	0.0072489
16.305	0.0070234
16.310	0.0068078
16.315	0.0066025
16.320	0.0064077
16.325	0.0062232
16.330	0.0060488
16.335	0.0058840
16.340	0.0057280
16.345	0.0055797
16.350	0.0054377
16.355	0.0053007
16.360	0.0051671
16.365	0.0050353
16.370	0.0049041
16.375	0.0047720
16.380	0.0046378
16.385	0.0045003
16.390	0.0043588
16.395	0.0042127
16.400	0.0040617
16.405	0.0039058
16.410	0.0037453
16.415	0.0035811
16.420	0.0034142
16.425	0.0032459
16.430	0.0030773
16.435	0.0029094
16.440	0.0027432
16.445	0.0025798
16.450	0.0024200
16.455	0.0022647
16.460	0.0021148
16.465	0.0019707
16.470	0.0018330
16.475	0.0017016
16.480	0.0015761
16.485	0.0014559
16.490	0.0013399
16.495	0.0012267
16.500	0.0011151
16.505	0.0010039
16.510	0.0008923
16.515	0.0007796
16.520	0.0006653
16.525	0.0005488
16.530	0.0004296
16.535	0.0003072
16.540	0.0001807
16.545	0.0000494
16.550	-0.0000875
16.555	-0.0002303
16.560	-0.0003792
16.565	-0.0005341
16.570	-0.0006946
16.575	-0.0008601
16.580	-0.0010302
16.585	-0.0012041
16.590	-0.0013815
16.595	-0.0015621
16.600	-0.0017454
16.605	-0.0019312
16.610	-0.0021195
16.615	-0.0023099
16.620	-0.0025023
16.625	-0.0026964
16.630	-0.0028916
16.635	-0.0030871
16.640	-0.0032818
16.645	-0.0034742
16.650	-0.0036626
16.655	-0.0038455
16.660	-0.0040213
16.665	-0.0041884
16.670	-0.0043455
16.675	-0.0044910
16.680	-0.0046237
16.685	-0.0047424
16.690	-0.0048458
16.695	-0.0049331
16.700	-0.0050035
16.705	-0.0050566
16.710	-0.0050921
16.715	-0.0051100
16.720	-0.0051102
16.725	-0.0050930
16.730	-0.0050584
16.735	-0.0050072
16.740	-0.0049400
16.745	-0.0048577
16.750	-0.0047616
16.755	-0.0046530
16.760	-0.0045338
16.765	-0.0044058
16.770	-0.0042711
16.775	-0.0041317
16.780	-0.0039899
16.785	-0.0038474
16.790	-0.0037056
16.795	-0.0035658
16.800	-0.0034288
16.805	-0.0032948
16.810	-0.0031641
16.815	-0.0030364
16.820	-0.0029112
16.825	-0.0027882
16.830	-0.0026666
16.835	-0.0025457
16.840	-0.0024250
16.845	-0.0023039
16.850	-0.0021818
16.855	-0.0020581
16.860	-0.0019318
16.865	-0.0018019
16.870	-0.0016671
16.875	-0.0015266
16.880	-0.0013794
16.885	-0.0012247
16.890	-0.0010619
16.895	-0.0008910
16.900	-0.0007121
16.905	-0.0005261
16.910	-0.0003340
16.915	-0.0001373
16.920	0.0000624
16.925	0.0002634
16.930	0.0004640
16.935	0.0006627
16.940	0.0008585
16.945	0.0010504
16.950	0.0012380
16.955	0.0014217
16.960	0.0016020
16.965	0.0017801
16.970	0.0019569
16.975	0.0021334
16.980	0.0023103
16.985	0.0024876
16.990	0.0026653
16.995	0.0028429
17.000	0.0030199
17.005	0.0031962
17.010	0.0033714
17.015	0.0035454
17.020	0.0037183
17.025	0.0038905
17.030	0.0040623
17.035	0.0042339
17.040	0.0044057
17.045	0.0045779
17.050	0.0047505
17.055	0.0049239
17.060	0.0050982
17.065	0.0052737
17.070	0.0054510
17.075	0.0056308
17.080	0.0058137
17.085	0.0060002
17.090	0.0061904
17.095	0.0063842
17.100	0.0065810
17.105	0.0067799
17.110	0.0069801
17.115	0.0071808
17.120	0.0073815
17.125	0.0075820
17.130	0.0077826
17.135	0.0079837
17.140	0.0081857
17.145	0.0083888
17.150	0.0085929
17.155	0.0087972
17.160	0.0090006
17.165	0.0092015
17.170	0.0093982
17.175	0.0095891
17.180	0.0097728
17.185	0.0099484
17.190	0.0101154
17.195	0.0102737
17.200	0.0104234
17.205	0.0105651
17.210	0.0106993
17.215	0.0108270
17.220	0.0109491
17.225	0.0110671
17.230	0.0111822
17.235	0.0112960
17.240	0.0114098
17.245	0.0115248
17.250	0.0116419
17.255	0.0117615
17.260	0.0118838
17.265	0.0120088
17.270	0.0121361
17.275	0.0122649
17.280	0.0123945
17.285	0.0125238
17.290	0.0126513
17.295	0.0127756
17.300	0.0128952
17.305	0.0130083
17.310	0.0131137
17.315	0.0132101
17.320	0.0132965
17.325	0.0133719
17.330	0.0134359
17.335	0.0134879
17.340	0.0135278
17.345	0.0135560
17.350	0.0135730
17.355	0.0135799
17.360	0.0135780
17.365	0.0135688
17.370	0.0135539
17.375	0.0135348
17.380	0.0135129
17.385	0.0134893
17.390	0.0134649
17.395	0.0134404
17.400	0.0134164
17.405	0.0133931
17.410	0.0133707
17.415	0.0133491
17.420	0.0133285
17.425	0.0133089
17.430	0.0132902
17.435	0.0132724
17.440	0.0132555
17.445	0.0132390
17.450	0.0132223
17.455	0.0132044
17.460	0.0131844
17.465	0.0131613
17.470	0.0131343
17.475	0.0131031
17.480	0.0130673
17.485	0.0130270
17.490	0.0129823
17.495	0.0129335
17.500	0.0128812
17.505	0.0128260
17.510	0.0127688
17.515	0.0127103
17.520	0.0126511
17.525	0.0125916
17.530	0.0125319
17.535	0.0124721
17.540	0.0124121
17.545	0.0123517
17.550	0.0122906
17.555	0.0122281
17.560	0.0121639
17.565	0.0120973
17.570	0.0120277
17.575	0.0119547
17.580	0.0118779
17.585	0.0117971
17.590	0.0117124
17.595	0.0116238
17.600	0.0115315
17.605	0.0114358
17.610	0.0113370
17.615	0.0112355
17.620	0.0111318
17.625	0.0110266
17.630	0.0109204
17.635	0.0108140
17.640	0.0107083
17.645	0.0106040
17.650	0.0105018
17.655	0.0104026
17.660	0.0103069
17.665	0.0102151
17.670	0.0101274
17.675	0.0100437
17.680	0.0099636
17.685	0.0098862
17.690	0.0098106
17.695	0.0097358
17.700	0.0096607
17.705	0.0095843
17.710	0.0095057
17.715	0.0094244
17.720	0.0093398
17.725	0.0092516
17.730	0.0091595
17.735	0.0090633
17.740	0.0089627
17.745	0.0088577
17.750	0.0087482
17.755	0.0086342
17.760	0.0085156
17.765	0.0083929
17.770	0.0082661
17.775	0.0081355
17.780	0.0080012
17.785	0.0078633
17.790	0.0077219
17.795	0.0075772
17.800	0.0074294
17.805	0.0072787
17.810	0.0071253
17.815	0.0069693
17.820	0.0068108
17.825	0.0066496
17.830	0.0064854
17.835	0.0063175
17.840	0.0061454
17.845	0.0059682
17.850	0.0057855
17.855	0.0055968
17.860	0.0054018
17.865	0.0052003
17.870	0.0049922
17.875	0.0047774
17.880	0.0045558
17.885	0.0043271
17.890	0.0040912
17.895	0.0038482
17.900	0.0035982
17.905	0.0033415
17.910	0.0030785
17.915	0.0028098
17.920	0.0025358
17.925	0.0022570
17.930	0.0019741
17.935	0.0016877
17.940	0.0013987
17.945	0.0011081
17.950	0.0008171
17.955	0.0005270
17.960	0.0002392
17.965	-0.0000450
17.970	-0.0003242
17.975	-0.0005972
17.980	-0.0008628
17.985	-0.0011202
17.990	-0.0013684
17.995	-0.0016067
18.000	-0.0018345
18.005	-0.0020514
18.010	-0.0022569
18.015	-0.0024508
18.020	-0.0026330
18.025	-0.0028036
18.030	-0.0029626
18.035	-0.0031102
18.040	-0.0032467
18.045	-0.0033724
18.050	-0.0034878
18.055	-0.0035933
18.060	-0.0036897
18.065	-0.0037780
18.070	-0.0038594
18.075	-0.0039348
18.080	-0.0040055
18.085	-0.0040723
18.090	-0.0041360
18.095	-0.0041970
18.100	-0.0042558
18.105	-0.0043126
18.110	-0.0043674
18.115	-0.0044204
18.120	-0.0044717
18.125	-0.0045210
18.130	-0.0045684
18.135	-0.0046136
18.140	-0.0046566
18.145	-0.0046973
18.150	-0.0047359
18.155	-0.0047726
18.160	-0.0048076
18.165	-0.0048411
18.170	-0.0048734
18.175	-0.0049047
18.180	-0.0049350
18.185	-0.0049644
18.190	-0.0049926
18.195	-0.0050196
18.200	-0.0050452
18.205	-0.0050693
18.210	-0.0050917
18.215	-0.0051123
18.220	-0.0051310
18.225	-0.0051476
18.230	-0.0051622
18.235	-0.0051746
18.240	-0.0051847
18.245	-0.0051926
18.250	-0.0051981
18.255	-0.0052014
18.260	-0.0052025
18.265	-0.0052014
18.270	-0.0051981
18.275	-0.0051925
18.280	-0.0051844
18.285	-0.0051734
18.290	-0.0051595
18.295	-0.0051423
18.300	-0.0051220
18.305	-0.0050985
18.310	-0.0050719
18.315	-0.0050426
18.320	-0.0050110
18.325	-0.0049775
18.330	-0.0049426
18.335	-0.0049066
18.340	-0.0048701
18.345	-0.0048333
18.350	-0.0047964
18.355	-0.0047597
18.360	-0.0047234
18.365	-0.0046877
18.370	-0.0046529
18.375	-0.0046191
18.380	-0.0045865
18.385	-0.0045553
18.390	-0.0045255
18.395	-0.0044969
18.400	-0.0044695
18.405	-0.0044428
18.410	-0.0044166
18.415	-0.0043906
18.420	-0.0043645
18.425	-0.0043382
18.430	-0.0043112
18.435	-0.0042834
18.440	-0.0042547
18.445	-0.0042246
18.450	-0.0041929
18.455	-0.0041593
18.460	-0.0041233
18.465	-0.0040848
18.470	-0.0040435
18.475	-0.0039993
18.480	-0.0039521
18.485	-0.0039017
18.490	-0.0038483
18.495	-0.0037918
18.500	-0.0037322
18.505	-0.0036698
18.510	-0.0036048
18.515	-0.0035376
18.520	-0.0034686
18.525	-0.0033982
18.530	-0.0033270
18.535	-0.0032553
18.540	-0.0031837
18.545	-0.0031126
18.550	-0.0030425
18.555	-0.0029738
18.560	-0.0029069
18.565	-0.0028418
18.570	-0.0027788
18.575	-0.0027179
18.580	-0.0026589
18.585	-0.0026019
18.590	-0.0025466
18.595	-0.0024933
18.600	-0.0024417
18.605	-0.0023920
18.610	-0.0023443
18.615	-0.0022985
18.620	-0.0022549
18.625	-0.0022135
18.630	-0.0021742
18.635	-0.0021371
18.640	-0.0021019
18.645	-0.0020682
18.650	-0.0020353
18.655	-0.0020026
18.660	-0.0019691
18.665	-0.0019341
18.670	-0.0018970
18.675	-0.0018572
18.680	-0.0018148
18.685	-0.0017699
18.690	-0.0017229
18.695	-0.0016743
18.700	-0.0016245
18.705	-0.0015738
18.710	-0.0015225
18.715	-0.0014703
18.720	-0.0014171
18.725	-0.0013625
18.730	-0.0013063
18.735	-0.0012483
18.740	-0.0011888
18.745	-0.0011280
18.750	-0.0010667
18.755	-0.0010055
18.760	-0.0009451
18.765	-0.0008861
18.770	-0.0008286
18.775	-0.0007731
18.780	-0.0007196
18.785	-0.0006685
18.790	-0.0006200
18.795	-0.0005743
18.800	-0.0005317
18.805	-0.0004925
18.810	-0.0004567
18.815	-0.0004243
18.820	-0.0003948
18.825	-0.0003680
18.830	-0.0003432
18.835	-0.0003199
18.840	-0.0002977
18.845	-0.0002766
18.850	-0.0002565
18.855	-0.0002376
18.860	-0.0002201
18.865	-0.0002044
18.870	-0.0001908
18.875	-0.0001797
18.880	-0.0001713
18.885	-0.0001661
18.890	-0.0001645
18.895	-0.0001665
18.900	-0.0001723
18.905	-0.0001821
18.910	-0.0001956
18.915	-0.0002127
18.920	-0.0002331
18.925	-0.0002565
18.930	-0.0002821
18.935	-0.0003092
18.940	-0.0003370
18.945	-0.0003643
18.950	-0.0003903
18.955	-0.0004140
18.960	-0.0004343
18.965	-0.0004504
18.970	-0.0004614
18.975	-0.0004667
18.980	-0.0004656
18.985	-0.0004577
18.990	-0.0004427
18.995	-0.0004206
19.000	-0.0003912
19.005	-0.0003547
19.010	-0.0003113
19.015	-0.0002614
19.020	-0.0002053
19.025	-0.0001438
19.030	-0.0000775
19.035	-0.0000073
19.040	0.0000659
19.045	0.0001412
19.050	0.0002177
19.055	0.0002944
19.060	0.0003704
19.065	0.0004447
19.070	0.0005164
19.075	0.0005844
19.080	0.0006483
19.085	0.0007076
19.090	0.0007624
19.095	0.0008127
19.100	0.0008590
19.105	0.0009015
19.110	0.0009404
19.115	0.0009757
19.120	0.0010075
19.125	0.0010356
19.130	0.0010599
19.135	0.0010803
19.140	0.0010967
19.145	0.0011090
19.150	0.0011176
19.155	0.0011225
19.160	0.0011238
19.165	0.0011217
19.170	0.0011162
19.175	0.0011074
19.180	0.0010958
19.185	0.0010817
19.190	0.0010658
19.195	0.0010486
19.200	0.0010307
19.205	0.0010124
19.210	0.0009939
19.215	0.0009753
19.220	0.0009565
19.225	0.0009375
19.230	0.0009179
19.235	0.0008979
19.240	0.0008775
19.245	0.0008567
19.250	0.0008357
19.255	0.0008145
19.260	0.0007932
19.265	0.0007717
19.270	0.0007497
19.275	0.0007272
19.280	0.0007038
19.285	0.0006792
19.290	0.0006534
19.295	0.0006261
19.300	0.0005974
19.305	0.0005673
19.310	0.0005360
19.315	0.0005035
19.320	0.0004700
19.325	0.0004356
19.330	0.0004007
19.335	0.0003656
19.340	0.0003306
19.345	0.0002959
19.350	0.0002616
19.355	0.0002276
19.360	0.0001937
19.365	0.0001595
19.370	0.0001247
19.375	0.0000888
19.380	0.0000516
19.385	0.0000130
19.390	-0.0000269
19.395	-0.0000677
19.400	-0.0001091
19.405	-0.0001505
19.410	-0.0001914
19.415	-0.0002310
19.420	-0.0002685
19.425	-0.0003032
19.430	-0.0003341
19.435	-0.0003606
19.440	-0.0003820
19.445	-0.0003979
19.450	-0.0004080
19.455	-0.0004119
19.460	-0.0004094
19.465	-0.0004006
19.470	-0.0003854
19.475	-0.0003638
19.480	-0.0003359
19.485	-0.0003017
19.490	-0.0002615
19.495	-0.0002158
19.500	-0.0001652
19.505	-0.0001106
19.510	-0.0000533
19.515	0.0000055
19.520	0.0000646
19.525	0.0001228
19.530	0.0001792
19.535	0.0002332
19.540	0.0002842
19.545	0.0003318
19.550	0.0003758
19.555	0.0004163
19.560	0.0004532
19.565	0.0004869
19.570	0.0005177
19.575	0.0005463
19.580	0.0005732
19.585	0.0005992
19.590	0.0006248
19.595	0.0006508
19.600	0.0006777
19.605	0.0007062
19.610	0.0007370
19.615	0.0007703
19.620	0.0008066
19.625	0.0008458
19.630	0.0008880
19.635	0.0009330
19.640	0.0009804
19.645	0.0010301
19.650	0.0010816
19.655	0.0011347
19.660	0.0011890
19.665	0.0012439
19.670	0.0012993
19.675	0.0013547
19.680	0.0014100
19.685	0.0014652
19.690	0.0015201
19.695	0.0015748
19.700	0.0016292
19.705	0.0016831
19.710	0.0017364
19.715	0.0017889
19.720	0.0018400
19.725	0.0018894
19.730	0.0019366
19.735	0.0019813
19.740	0.0020231
19.745	0.0020622
19.750	0.0020984
19.755	0.0021321
19.760	0.0021633
19.765	0.0021922
19.770	0.0022186
19.775	0.0022425
19.780	0.0022638
19.785	0.0022825
19.790	0.0022986
19.795	0.0023124
19.800	0.0023245
19.805	0.0023355
19.810	0.0023460
19.815	0.0023569
19.820	0.0023687
19.825	0.0023820
19.830	0.0023973
19.835	0.0024147
19.840	0.0024346
19.845	0.0024570
19.850	0.0024820
19.855	0.0025096
19.860	0.0025395
19.865	0.0025714
19.870	0.0026048
19.875	0.0026394
19.880	0.0026743
19.885	0.0027089
19.890	0.0027422
19.895	0.0027735
19.900	0.0028021
19.905	0.0028270
19.910	0.0028476
19.915	0.0028632
19.920	0.0028732
19.925	0.0028773
19.930	0.0028753
19.935	0.0028671
19.940	0.0028530
19.945	0.0028332
19.950	0.0028083
19.955	0.0027788
19.960	0.0027453
19.965	0.0027085
19.970	0.0026691
19.975	0.0026279
19.980	0.0025859
19.985	0.0025439
19.990	0.0025028
19.995	0.0024636
20.000	0.0024270
